-1 35 15 15
0.101379 22 15 15 M
0.000928 17 13 9 H
0.118071 17 13 8 H
0.135855 17 15 15 H
0.101385 23 12 6 N
0.122398 23 13 6 N
0.138360 23 15 15 N
0.000926 16 8 5 G
0.115829 16 8 6 G
0.147633 16 8 5 G
0.191724 16 15 15 G
0.101388 24 14 0 O
0.152220 24 13 0 O
0.180978 24 12 0 O
0.198503 24 11 0 O
0.222567 24 11 1 O
0.259396 24 11 0 O
0.275620 24 11 14 O
0.287753 24 12 14 O
0.303827 24 11 14 O
0.333657 24 10 14 O
0.370978 24 10 13 O
0.101294 20 10 4 K
0.139553 20 10 5 K
0.174171 20 11 5 K
0.204360 20 12 5 K
0.248922 20 11 5 K
0.260552 20 11 6 K
0.279032 20 11 7 K
0.323754 20 12 7 K
0.337320 20 12 6 K
0.369745 20 13 6 K
0.406890 20 15 15 K
0.000917 11 14 12 B
0.116856 11 14 11 B
0.128526 11 14 12 B
0.152119 11 14 11 B
0.182319 11 13 11 B
0.201912 11 12 11 B
0.221334 11 11 11 B
0.267070 11 10 11 B
0.310493 11 10 10 B
0.338560 11 10 9 B
0.380535 11 10 10 B
0.425293 11 10 9 B
0.465742 11 10 10 B
0.489594 11 10 11 B
0.000915 10 3 12 A
0.128652 10 2 12 A
0.145335 10 2 13 A
0.169382 10 3 13 A
0.208091 10 4 13 A
0.238095 10 4 12 A
0.276821 10 5 12 A
0.298966 10 5 13 A
0.633115 10 5 13 a
0.000921 13 6 8 D
0.124777 13 6 9 D
0.152131 13 5 9 D
0.176453 13 5 10 D
0.204372 13 5 9 D
0.224885 13 5 10 D
0.251324 13 6 10 D
0.286596 13 6 11 D
0.315794 13 5 11 D
0.330050 13 5 12 D
0.669467 13 5 12 d
0.000924 15 5 2 F
0.141936 15 4 2 F
0.174152 15 4 1 F
0.218943 15 4 2 F
0.263870 15 5 2 F
0.309213 15 5 1 F
0.354763 15 5 0 F
0.391371 15 5 14 F
0.740082 15 5 14 f
0.000922 14 5 14 E
0.127159 14 4 14 E
0.171747 14 3 14 E
0.192981 14 3 0 E
0.226195 14 3 14 E
0.257045 14 3 13 E
0.303925 14 4 13 E
0.338471 14 4 14 E
0.383997 14 4 0 E
0.401328 14 4 1 E
0.445300 14 4 2 E
0.469091 14 4 1 E
0.480836 14 4 0 E
0.502109 14 4 14 E
0.824008 14 4 14 e
0.000929 18 3 10 I
0.116960 18 2 10 I
0.155382 18 2 9 I
0.179943 18 3 9 I
0.211445 18 3 10 I
0.240452 18 4 10 I
0.252468 18 5 10 I
0.276754 18 4 10 I
0.303966 18 5 10 I
0.334925 18 4 10 I
0.347968 18 3 10 I
0.379382 18 2 10 I
0.391359 18 3 10 I
0.405579 18 4 10 I
0.438394 18 3 10 I
0.476342 18 3 11 I
0.500821 18 3 10 I
0.515454 18 3 11 I
0.534575 18 4 11 I
0.570575 18 4 10 I
0.604564 18 3 10 I
0.936166 18 3 10 i
0.000919 12 1 6 C
0.140687 12 0 6 C
0.176474 12 1 6 C
0.206978 12 0 6 C
0.236796 12 0 7 C
0.279061 12 1 7 C
0.296576 12 1 8 C
0.319300 12 2 8 C
0.352453 12 1 8 C
0.400182 12 2 8 C
0.432840 12 2 9 C
0.480766 12 2 10 C
0.525762 12 2 9 C
0.548786 12 3 9 C
0.596415 12 4 9 C
0.610020 12 4 10 C
0.937388 12 4 10 c
0.174056 33 7 13 8
1.017040 33 15 15 8
0.101300 21 1 12 L
0.138340 21 0 12 L
0.164834 21 14 12 L
0.194162 21 13 12 L
0.236782 21 13 11 L
0.280213 21 13 12 L
0.292319 21 12 12 L
0.315807 21 12 11 L
0.359119 21 12 12 L
0.406972 21 12 11 L
0.432835 21 12 12 L
0.448715 21 12 11 L
0.480821 21 12 12 L
0.518947 21 11 12 L
0.542442 21 11 13 L
0.557742 21 12 13 L
0.582025 21 12 12 L
0.604577 21 12 11 L
0.622186 21 13 11 L
0.658960 21 12 11 L
0.669589 21 11 11 L
0.700950 21 11 10 L
0.736664 21 12 10 L
0.779689 21 12 11 L
0.802020 21 12 12 L
0.833485 21 11 12 L
0.872990 21 11 11 L
1.194748 21 11 11 l
1.254661 29 3 4 4
1.343016 29 15 15 4
0.101289 19 1 10 J
0.138321 19 0 10 J
0.179847 19 1 10 J
0.206884 19 2 10 J
0.257033 19 1 10 J
0.301380 19 0 10 J
0.348028 19 1 10 J
0.392613 19 2 10 J
0.440839 19 1 10 J
0.473785 19 1 11 J
0.491901 19 0 11 J
0.533393 19 0 12 J
0.560329 19 14 12 J
0.575140 19 14 13 J
0.587500 19 14 12 J
0.610119 19 0 12 J
0.633034 19 0 11 J
0.675112 19 0 12 J
0.690192 19 0 13 J
0.736613 19 1 13 J
0.756088 19 2 13 J
0.800825 19 2 12 J
0.837018 19 2 13 J
0.848717 19 1 13 J
0.859393 19 1 14 J
0.906587 19 2 14 J
0.929684 19 2 13 J
0.973397 19 3 13 J
1.011714 19 3 14 J
1.033278 19 3 0 J
1.045009 19 4 0 J
1.356731 19 4 0 j
0.973494 27 0 2 2
2.256875 27 15 15 2
4.354942 25 2 13 0
4.354943 25 15 15 0
2.748305 31 13 5 6
4.435286 31 15 15 6
3.727432 30 10 8 5
4.500890 30 15 15 5
4.050306 26 4 5 1
4.617781 26 15 15 1
2.490503 32 14 7 7
4.681103 32 15 15 7
4.509294 28 6 11 3
4.816359 28 15 15 3
4.995686 34 2 3 9
4.995687 34 15 15 9
0.000913 9 13 2 #
0.000877 4 3 2 #
0.000881 5 14 6 #
0.138355 5 14 6 #
0.239303 5 14 6 #
0.406886 5 14 6 #
0.507670 5 14 6 #
0.000884 6 14 5 #
0.000908 7 1 2 #
0.000911 8 10 7 #
0.000849 1 7 5 #
0.191719 1 7 5 #
0.292367 1 7 5 #
0.000841 0 4 4 #
0.101365 0 4 4 #
0.201834 0 4 4 #
0.000855 2 8 4 #
0.000859 3 12 8 #
0.135848 3 12 8 #
0.236800 3 12 8 #
