              precision    recall  f1-score   support

         0.0       0.00      0.00      0.00         3
         1.0       0.00      0.00      0.00         3
         2.0       0.67      0.67      0.67         3
         3.0       0.50      0.67      0.57         3
         4.0       1.00      0.67      0.80         3
         5.0       0.50      0.67      0.57         3
         6.0       1.00      0.33      0.50         3
         7.0       0.50      0.33      0.40         3
         8.0       0.29      0.67      0.40         3
         9.0       0.00      0.00      0.00         3

    accuracy                           0.40        30
   macro avg       0.45      0.40      0.39        30
weighted avg       0.45      0.40      0.39        30
