-1 15 15 15
0.000000 8 8 8 I
0.000655 8 8 9 I
0.031640 8 8 10 I
0.053019 8 8 11 I
0.068138 8 8 12 I
0.097589 8 8 13 I
0.121019 8 8 14 I
0.139278 8 8 0 I
0.173164 8 8 1 I
0.188075 8 8 2 I
0.220771 8 8 3 I
0.261706 8 8 4 I
0.310632 8 8 5 I
0.334946 8 8 6 I
0.381340 8 8 7 I
0.424856 8 8 8 I
0.441401 8 8 9 I
0.474540 8 8 10 I
0.524875 8 8 11 I
0.549115 8 8 12 I
0.570421 8 8 13 I
0.000000 10 10 10 K
0.000658 10 10 9 K
0.024782 10 10 8 K
0.043616 10 10 7 K
0.069605 10 10 6 K
0.116224 10 10 5 K
0.142942 10 10 4 K
0.161737 10 10 3 K
0.174569 10 10 2 K
0.216079 10 10 1 K
0.252932 10 10 0 K
0.287077 10 10 14 K
0.310670 10 10 13 K
0.334885 10 10 12 K
0.364438 10 10 11 K
0.382571 10 10 10 K
0.392970 10 10 9 K
0.411067 10 10 8 K
0.454809 10 10 7 K
0.465733 10 10 6 K
0.501937 10 10 5 K
0.521192 10 10 4 K
0.562280 10 10 3 K
0.601883 10 10 2 K
0.624190 10 10 1 K
0.000000 13 13 13 N
0.000681 13 14 13 N
0.047389 13 0 13 N
0.072796 13 1 13 N
0.100645 13 2 13 N
0.150175 13 3 13 N
0.170336 13 4 13 N
0.196615 13 5 13 N
0.215994 13 6 13 N
0.233755 13 7 13 N
0.263398 13 8 13 N
0.281532 13 9 13 N
0.319241 13 10 13 N
0.368703 13 11 13 N
0.387362 13 12 13 N
0.434116 13 13 13 N
0.454812 13 14 13 N
0.466844 13 0 13 N
0.482862 13 1 13 N
0.499379 13 2 13 N
0.540867 13 3 13 N
0.579684 13 4 13 N
0.616427 13 5 13 N
0.660781 13 6 13 N
0.698903 13 7 13 N
0.000000 2 2 2 C
0.000636 2 2 1 C
0.020442 2 2 0 C
0.047456 2 2 14 C
0.090848 2 2 13 C
0.121040 2 2 12 C
0.150171 2 2 11 C
0.176540 2 2 10 C
0.226370 2 2 9 C
0.267482 2 2 8 C
0.304724 2 2 7 C
0.339033 2 2 6 C
0.387472 2 2 5 C
0.435670 2 2 4 C
0.462078 2 2 3 C
0.512326 2 2 2 C
0.557980 2 2 1 C
0.594114 2 2 0 C
0.620758 2 2 14 C
0.647672 2 2 13 C
0.689067 2 2 12 C
0.000000 7 7 7 H
0.000653 7 8 7 H
0.034651 7 9 7 H
0.049343 7 10 7 H
0.116227 7 11 7 H
0.134636 7 12 7 H
0.150179 7 13 7 H
0.176537 7 14 7 H
0.219115 7 0 7 H
0.255054 7 1 7 H
0.268679 7 2 7 H
0.310559 7 3 7 H
0.339030 7 4 7 H
0.385759 7 5 7 H
0.401222 7 6 7 H
0.444456 7 7 7 H
0.469406 7 8 7 H
0.497832 7 9 7 H
0.510790 7 10 7 H
0.531498 7 11 7 H
0.547832 7 12 7 H
0.595725 7 13 7 H
0.606588 7 14 7 H
0.617590 7 0 7 H
0.657438 7 1 7 H
0.679249 7 2 7 H
0.716740 7 3 7 H
0.743689 7 4 7 H
0.000000 6 6 6 G
0.000651 6 6 7 G
0.024994 6 6 8 G
0.051494 6 6 9 G
0.068063 6 6 10 G
0.099095 6 6 11 G
0.121438 6 6 12 G
0.170330 6 6 13 G
0.183552 6 6 14 G
0.198384 6 6 0 G
0.244855 6 6 1 G
0.281455 6 6 2 G
0.330135 6 6 3 G
0.356100 6 6 4 G
0.387358 6 6 5 G
0.429441 6 6 6 G
0.445683 6 6 7 G
0.482781 6 6 8 G
0.533016 6 6 9 G
0.579687 6 6 10 G
0.628373 6 6 11 G
0.667466 6 6 12 G
0.706332 6 6 13 G
0.734796 6 6 14 G
0.773411 6 6 0 G
0.808445 6 6 1 G
0.000000 9 9 9 J
0.000656 9 8 9 J
0.053022 9 7 9 J
0.102218 9 6 9 J
0.139366 9 5 9 J
0.154810 9 4 9 J
0.192347 9 3 9 J
0.214596 9 2 9 J
0.255057 9 1 9 J
0.267479 9 0 9 J
0.313557 9 14 9 J
0.362849 9 13 9 J
0.407546 9 12 9 J
0.439767 9 11 9 J
0.485453 9 10 9 J
0.508484 9 9 9 J
0.549112 9 8 9 J
0.592786 9 7 9 J
0.620754 9 6 9 J
0.638368 9 5 9 J
0.667629 9 4 9 J
0.706309 9 3 9 J
0.734902 9 2 9 J
0.773309 9 1 9 J
0.819873 9 0 9 J
0.838638 9 14 9 J
0.891955 9 13 9 J
0.924034 9 12 9 J
0.967640 9 11 9 J
0.000000 1 1 1 B
0.000633 1 0 1 B
0.066495 1 14 1 B
0.106356 1 13 1 B
0.142938 1 12 1 B
0.165214 1 11 1 B
0.178712 1 10 1 B
0.214669 1 9 1 B
0.252929 1 8 1 B
0.265851 1 7 1 B
0.306339 1 6 1 B
0.352513 1 5 1 B
0.387366 1 4 1 B
0.413695 1 3 1 B
0.446983 1 2 1 B
0.481206 1 1 1 B
0.520176 1 0 1 B
0.555357 1 14 1 B
0.573431 1 13 1 B
0.611434 1 12 1 B
0.651793 1 11 1 B
0.669341 1 11 1 b
0.000000 4 4 4 E
0.000640 4 4 5 E
0.045049 4 4 6 E
0.068136 4 4 7 E
0.092396 4 4 8 E
0.126096 4 4 9 E
0.139275 4 4 10 E
0.153391 4 4 11 E
0.196520 4 4 12 E
0.228993 4 4 13 E
0.255136 4 4 14 E
0.283003 4 4 0 E
0.306342 4 4 1 E
0.324476 4 4 2 E
0.365529 4 4 3 E
0.385762 4 4 4 E
0.423120 4 4 5 E
0.442826 4 4 6 E
0.479807 4 4 7 E
0.500477 4 4 8 E
0.520074 4 4 9 E
0.565139 4 4 10 E
0.597457 4 4 11 E
0.641410 4 4 12 E
0.678156 4 4 13 E
0.706335 4 4 14 E
0.726438 4 4 0 E
0.771760 4 4 1 E
0.803262 4 4 2 E
0.815349 4 4 3 E
0.858231 4 4 4 E
0.881124 4 4 5 E
0.907445 4 4 6 E
0.924049 4 4 6 e
0.000000 3 3 3 D
0.000638 3 4 3 D
0.049476 3 5 3 D
0.089502 3 6 3 D
0.104447 3 7 3 D
0.121017 3 8 3 D
0.137430 3 9 3 D
0.172913 3 10 3 D
0.219310 3 11 3 D
0.238346 3 12 3 D
0.282952 3 13 3 D
0.304780 3 14 3 D
0.354561 3 0 3 D
0.401377 3 1 3 D
0.445528 3 2 3 D
0.459476 3 3 3 D
0.508397 3 4 3 D
0.538357 3 5 3 D
0.585400 3 6 3 D
0.609671 3 7 3 D
0.639726 3 8 3 D
0.666340 3 9 3 D
0.686960 3 10 3 D
0.722342 3 11 3 D
0.751929 3 12 3 D
0.801682 3 13 3 D
0.832839 3 14 3 D
0.871839 3 0 3 D
0.896721 3 1 3 D
0.910663 3 2 3 D
0.948919 3 3 3 D
0.996851 3 4 3 D
1.024153 3 5 3 D
1.035721 3 6 3 D
1.050124 3 7 3 D
1.078116 3 8 3 D
1.091721 3 9 3 D
1.110353 3 10 3 D
1.150656 3 11 3 D
1.188788 3 12 3 D
1.210436 3 13 3 D
1.243195 3 14 3 D
1.276790 3 0 3 D
1.307926 3 1 3 D
1.323533 3 2 3 D
1.342611 3 3 3 D
1.361307 3 4 3 D
1.392992 3 5 3 D
1.430464 3 6 3 D
1.475758 3 7 3 D
0.000000 0 0 0 A
0.000632 0 0 1 A
0.021771 0 0 2 A
0.066492 0 0 3 A
0.113389 0 0 4 A
0.126093 0 0 5 A
0.167929 0 0 6 A
0.186466 0 0 7 A
0.232066 0 0 8 A
0.248364 0 0 9 A
0.281458 0 0 10 A
0.313555 0 0 11 A
0.327050 0 0 12 A
0.350454 0 0 13 A
0.381069 0 0 14 A
0.399730 0 0 0 A
0.416383 0 0 1 A
0.465731 0 0 2 A
0.482783 0 0 3 A
0.501940 0 0 4 A
0.513880 0 0 5 A
0.562485 0 0 6 A
0.592619 0 0 7 A
0.641438 0 0 8 A
0.657435 0 0 9 A
0.696480 0 0 10 A
0.732202 0 0 11 A
0.771850 0 0 12 A
0.788470 0 0 13 A
0.832836 0 0 14 A
0.845507 0 0 0 A
0.879570 0 0 1 A
0.902849 0 0 2 A
0.945319 0 0 3 A
0.967717 0 0 4 A
1.017476 0 0 5 A
1.054392 0 0 6 A
1.101453 0 0 7 A
1.139685 0 0 8 A
1.190443 0 0 9 A
1.229100 0 0 10 A
1.271621 0 0 11 A
1.313159 0 0 12 A
1.351467 0 0 13 A
1.377491 0 0 14 A
1.423503 0 0 0 A
1.447893 0 0 1 A
1.473661 0 0 2 A
1.509465 0 0 3 A
1.554582 0 0 4 A
1.596501 0 0 5 A
1.640394 0 0 6 A
0.000000 5 5 5 F
0.000642 5 4 5 F
0.020106 5 3 5 F
0.045047 5 2 5 F
0.091041 5 1 5 F
0.113393 5 0 5 F
0.147594 5 14 5 F
0.161740 5 13 5 F
0.208774 5 12 5 F
0.232141 5 11 5 F
0.248377 5 10 5 F
0.270016 5 9 5 F
0.284626 5 8 5 F
0.299554 5 7 5 F
0.321868 5 6 5 F
0.334887 5 5 5 F
0.381043 5 4 5 F
0.419972 5 3 5 F
0.430907 5 2 5 F
0.462081 5 1 5 F
0.494359 5 0 5 F
0.531608 5 14 5 F
0.562482 5 13 5 F
0.611223 5 12 5 F
0.651709 5 11 5 F
0.674053 5 10 5 F
0.690603 5 9 5 F
0.734905 5 8 5 F
0.757785 5 7 5 F
0.777464 5 6 5 F
0.826681 5 5 5 F
0.859758 5 4 5 F
0.871910 5 3 5 F
0.898861 5 2 5 F
0.930241 5 1 5 F
0.958807 5 0 5 F
0.998180 5 14 5 F
1.018619 5 13 5 F
1.046455 5 12 5 F
1.087451 5 11 5 F
1.136508 5 10 5 F
1.170565 5 9 5 F
1.212499 5 8 5 F
1.247273 5 7 5 F
1.265905 5 6 5 F
1.292364 5 5 5 F
1.316379 5 4 5 F
1.362896 5 3 5 F
1.382620 5 2 5 F
1.394418 5 1 5 F
1.423508 5 0 5 F
1.461777 5 14 5 F
1.504769 5 13 5 F
1.552557 5 12 5 F
1.567448 5 11 5 F
1.589242 5 10 5 F
1.621359 5 9 5 F
1.669449 5 8 5 F
1.719079 5 7 5 F
1.762239 5 6 5 F
1.801106 5 5 5 F
1.824438 5 4 5 F
1.836857 5 3 5 F
1.871694 5 2 5 F
1.918569 5 1 5 F
1.961914 5 0 5 F
1.990414 5 14 5 F
0.000000 12 12 12 M
0.000678 12 12 11 M
0.016551 12 12 10 M
0.064945 12 12 9 M
0.090944 12 12 8 M
0.104622 12 12 7 M
0.129283 12 12 6 M
0.144503 12 12 5 M
0.163620 12 12 4 M
0.183549 12 12 3 M
0.196612 12 12 2 M
0.220673 12 12 1 M
0.249432 12 12 0 M
0.263347 12 12 14 M
0.284548 12 12 13 M
0.317736 12 12 12 M
0.354558 12 12 11 M
0.374382 12 12 10 M
0.421706 12 12 9 M
0.485455 12 12 8 M
0.510874 12 12 7 M
0.550481 12 12 6 M
0.574985 12 12 5 M
0.600347 12 12 4 M
0.632587 12 12 3 M
0.662636 12 12 2 M
0.685504 12 12 1 M
0.726441 12 12 0 M
0.762760 12 12 14 M
0.789718 12 12 13 M
0.830398 12 12 12 M
0.864510 12 12 11 M
0.915181 12 12 10 M
0.928802 12 12 9 M
0.939683 12 12 8 M
0.967637 12 12 7 M
0.979538 12 12 6 M
1.004978 12 12 5 M
1.019968 12 12 4 M
1.044938 12 12 3 M
1.074974 12 12 2 M
1.100004 12 12 1 M
1.121777 12 12 0 M
1.168975 12 12 14 M
1.216660 12 12 13 M
1.243198 12 12 12 M
1.283044 12 12 11 M
1.327801 12 12 10 M
1.368557 12 12 9 M
1.399611 12 12 8 M
1.422023 12 12 7 M
1.458193 12 12 6 M
1.469116 12 12 5 M
1.493384 12 12 4 M
1.515197 12 12 3 M
1.547479 12 12 2 M
1.579024 12 12 1 M
1.596584 12 12 0 M
1.646396 12 12 14 M
1.658361 12 12 13 M
1.687945 12 12 12 M
1.701932 12 12 11 M
1.743011 12 12 10 M
1.761151 12 12 9 M
1.780359 12 12 8 M
1.801196 12 12 7 M
1.825972 12 12 6 M
1.860251 12 12 5 M
1.890914 12 12 4 M
1.910120 12 12 3 M
1.960381 12 12 2 M
2.007975 12 12 1 M
0.000000 11 11 11 L
0.000660 11 10 11 L
0.039532 11 9 11 L
0.076976 11 8 11 L
0.100648 11 7 11 L
0.134640 11 6 11 L
0.170333 11 5 11 L
0.186593 11 4 11 L
0.230601 11 3 11 L
0.260347 11 2 11 L
0.285667 11 1 11 L
0.313552 11 0 11 L
0.350458 11 14 11 L
0.401380 11 13 11 L
0.424762 11 12 11 L
0.453450 11 11 11 L
0.489529 11 10 11 L
0.523753 11 9 11 L
0.542398 11 8 11 L
0.585396 11 7 11 L
0.597378 11 6 11 L
0.620679 11 5 11 L
0.658989 11 4 11 L
0.686964 11 3 11 L
0.716652 11 2 11 L
0.738551 11 1 11 L
0.778859 11 0 11 L
0.811490 11 14 11 L
0.828397 11 13 11 L
0.867040 11 12 11 L
0.888440 11 11 11 L
0.915179 11 10 11 L
0.963497 11 9 11 L
0.983957 11 8 11 L
1.021522 11 7 11 L
1.059981 11 6 11 L
1.104050 11 5 11 L
1.116591 11 4 11 L
1.139579 11 3 11 L
1.166883 11 2 11 L
1.202175 11 1 11 L
1.235434 11 0 11 L
1.255006 11 14 11 L
1.303791 11 13 11 L
1.329153 11 12 11 L
1.368560 11 11 11 L
1.402785 11 10 11 L
1.443117 11 9 11 L
1.453578 11 8 11 L
1.464413 11 7 11 L
1.515095 11 6 11 L
1.547374 11 5 11 L
1.593501 11 4 11 L
1.623977 11 3 11 L
1.636399 11 2 11 L
1.679634 11 1 11 L
1.717548 11 0 11 L
1.744327 11 14 11 L
1.778761 11 13 11 L
1.803719 11 12 11 L
1.817715 11 11 11 L
1.863595 11 10 11 L
1.907016 11 9 11 L
1.942365 11 8 11 L
1.991504 11 7 11 L
2.029451 11 6 11 L
2.052354 11 5 11 L
2.074649 11 4 11 L
2.104698 11 3 11 L
2.132107 11 2 11 L
2.151857 11 1 11 L
2.189372 11 0 11 L
2.227339 11 14 11 L
0.000000 14 14 14 O
0.000684 14 14 0 O
0.012080 14 14 1 O
0.041415 14 14 2 O
0.076890 14 14 3 O
0.120887 14 14 4 O
0.165240 14 14 5 O
0.210334 14 14 6 O
0.255133 14 14 7 O
0.295904 14 14 8 O
0.337437 14 14 9 O
0.407549 14 14 10 O
0.435595 14 14 11 O
0.448583 14 14 12 O
0.474525 14 14 13 O
0.517649 14 14 14 O
0.542395 14 14 0 O
0.562034 14 14 1 O
0.611437 14 14 2 O
0.629889 14 14 3 O
0.660666 14 14 4 O
0.703558 14 14 5 O
0.754117 14 14 6 O
0.785698 14 14 7 O
0.826678 14 14 8 O
0.845567 14 14 9 O
0.881073 14 14 10 O
0.891952 14 14 11 O
0.922536 14 14 12 O
0.943900 14 14 13 O
0.956726 14 14 14 O
0.991516 14 14 0 O
1.007618 14 14 1 O
1.050081 14 14 2 O
1.091838 14 14 3 O
1.131094 14 14 4 O
1.144326 14 14 5 O
1.177300 14 14 6 O
1.199559 14 14 7 O
1.230451 14 14 8 O
1.241651 14 14 9 O
1.268109 14 14 10 O
1.313232 14 14 11 O
1.346396 14 14 12 O
1.384658 14 14 13 O
1.417765 14 14 14 O
1.441622 14 14 0 O
1.472142 14 14 1 O
1.517793 14 14 2 O
1.567556 14 14 3 O
1.610531 14 14 4 O
1.642091 14 14 5 O
1.686381 14 14 6 O
1.736887 14 14 7 O
1.774737 14 14 8 O
1.786591 14 14 9 O
1.799498 14 14 10 O
1.836961 14 14 11 O
1.873374 14 14 12 O
1.918404 14 14 13 O
1.958844 14 14 14 O
1.990409 14 14 0 O
2.034087 14 14 1 O
2.057528 14 14 2 O
2.082925 14 14 3 O
2.124370 14 14 4 O
2.169650 14 14 4 o
