-1 15 15 15
0.000000 8 8 8 I
0.001126 8 8 9 I
0.030028 8 8 10 I
0.052684 8 8 11 I
0.086369 8 8 12 I
0.122850 8 8 13 I
0.155527 8 8 14 I
0.199189 8 8 0 I
0.221060 8 8 1 I
0.238267 8 8 2 I
0.274685 8 8 3 I
0.316026 8 8 4 I
0.000000 13 13 13 N
0.001127 13 12 13 N
0.047467 13 11 13 N
0.083796 13 10 13 N
0.135186 13 9 13 N
0.179468 13 8 13 N
0.227555 13 7 13 N
0.274569 13 6 13 N
0.315939 13 5 13 N
0.340508 13 4 13 N
0.367286 13 3 13 N
0.000000 11 11 11 L
0.001127 11 12 11 L
0.027035 11 13 11 L
0.061490 11 14 11 L
0.100371 11 0 11 L
0.132047 11 1 11 L
0.161261 11 2 11 L
0.201743 11 3 11 L
0.215374 11 4 11 L
0.244560 11 5 11 L
0.291432 11 6 11 L
0.328495 11 7 11 L
0.375144 11 8 11 L
0.391742 11 9 11 L
0.435419 11 10 11 L
0.478904 11 11 11 L
0.503457 11 12 11 L
0.514524 11 13 11 L
0.549498 11 14 11 L
0.570010 11 0 11 L
0.590402 11 1 11 L
0.628319 11 2 11 L
0.000000 2 2 2 C
0.001125 2 2 3 C
0.018102 2 2 4 C
0.052786 2 2 5 C
0.077618 2 2 6 C
0.092650 2 2 7 C
0.132096 2 2 8 C
0.172717 2 2 9 C
0.219475 2 2 10 C
0.264373 2 2 11 C
0.296828 2 2 12 C
0.339428 2 2 13 C
0.378814 2 2 14 C
0.417713 2 2 0 C
0.435443 2 2 1 C
0.484941 2 2 2 C
0.519240 2 2 3 C
0.582518 2 2 4 C
0.608893 2 2 5 C
0.620503 2 2 6 C
0.657828 2 2 7 C
0.000000 5 5 5 F
0.001126 5 4 5 F
0.051211 5 3 5 F
0.092648 5 2 5 F
0.126796 5 1 5 F
0.161257 5 0 5 F
0.187721 5 14 5 F
0.199185 5 13 5 F
0.248832 5 12 5 F
0.276105 5 11 5 F
0.294767 5 10 5 F
0.309801 5 9 5 F
0.355501 5 8 5 F
0.381402 5 7 5 F
0.414503 5 6 5 F
0.438575 5 5 5 F
0.478848 5 4 5 F
0.529044 5 3 5 F
0.550542 5 2 5 F
0.578847 5 1 5 F
0.616704 5 0 5 F
0.646390 5 14 5 F
0.684931 5 13 5 F
0.000000 9 9 9 J
0.001126 9 10 9 J
0.043380 9 11 9 J
0.080787 9 12 9 J
0.132102 9 13 9 J
0.167510 9 14 9 J
0.189554 9 0 9 J
0.227497 9 1 9 J
0.268382 9 2 9 J
0.296840 9 3 9 J
0.320592 9 4 9 J
0.368457 9 5 9 J
0.390176 9 6 9 J
0.422389 9 7 9 J
0.471918 9 8 9 J
0.503080 9 9 9 J
0.542747 9 10 9 J
0.586863 9 11 9 J
0.627107 9 12 9 J
0.664626 9 13 9 J
0.688054 9 14 9 J
0.703610 9 0 9 J
0.775159 9 1 9 J
0.807423 9 2 9 J
0.000000 7 7 7 H
0.001126 7 8 7 H
0.031819 7 9 7 H
0.043262 7 10 7 H
0.090610 7 11 7 H
0.140071 7 12 7 H
0.195094 7 13 7 H
0.209574 7 14 7 H
0.231016 7 0 7 H
0.276108 7 1 7 H
0.307793 7 2 7 H
0.348810 7 3 7 H
0.388761 7 4 7 H
0.419248 7 5 7 H
0.447925 7 6 7 H
0.464072 7 7 7 H
0.477116 7 8 7 H
0.495486 7 9 7 H
0.542640 7 10 7 H
0.559117 7 11 7 H
0.607422 7 12 7 H
0.638621 7 13 7 H
0.681491 7 14 7 H
0.692297 7 0 7 H
0.732728 7 1 7 H
0.749792 7 1 7 h
0.000000 4 4 4 E
0.001125 4 4 5 E
0.036683 4 4 6 E
0.051209 4 4 7 E
0.098951 4 4 8 E
0.142500 4 4 9 E
0.176429 4 4 10 E
0.189326 4 4 11 E
0.212430 4 4 12 E
0.235707 4 4 13 E
0.265475 4 4 14 E
0.306135 4 4 0 E
0.337762 4 4 1 E
0.351842 4 4 2 E
0.362674 4 4 3 E
0.407307 4 4 4 E
0.440877 4 4 5 E
0.483449 4 4 6 E
0.529041 4 4 7 E
0.560761 4 4 8 E
0.577361 4 4 9 E
0.607426 4 4 10 E
0.637565 4 4 11 E
0.676720 4 4 12 E
0.688051 4 4 13 E
0.725864 4 4 14 E
0.763739 4 4 0 E
0.808931 4 4 1 E
0.857652 4 4 2 E
0.877916 4 4 3 E
0.896730 4 4 4 E
0.929463 4 4 5 E
0.954680 4 4 6 E
1.004047 4 4 7 E
1.034619 4 4 8 E
1.050734 4 4 9 E
1.077645 4 4 10 E
1.122388 4 4 11 E
1.146428 4 4 12 E
1.195447 4 4 13 E
1.225042 4 4 14 E
1.258825 4 4 0 E
1.294624 4 4 1 E
1.313707 4 4 2 E
1.361904 4 4 3 E
1.408992 4 4 4 E
1.448097 4 4 5 E
1.483479 4 4 6 E
1.517375 4 4 7 E
1.559245 4 4 8 E
1.588431 4 4 9 E
1.627816 4 4 10 E
1.642884 4 4 11 E
1.668357 4 4 12 E
1.701790 4 4 13 E
1.743551 4 4 14 E
1.772224 4 4 0 E
1.811728 4 4 1 E
1.846466 4 4 2 E
1.860799 4 4 3 E
1.903505 4 4 4 E
1.930651 4 4 5 E
1.946553 4 4 6 E
1.959005 4 4 7 E
2.005589 4 4 8 E
2.027963 4 4 9 E
2.076636 4 4 10 E
2.119367 4 4 11 E
2.146372 4 4 12 E
2.184112 4 4 13 E
0.000000 6 6 6 G
0.001126 6 6 5 G
0.036571 6 6 4 G
0.064388 6 6 3 G
0.095781 6 6 2 G
0.145646 6 6 1 G
0.187509 6 6 0 G
0.219478 6 6 14 G
0.255444 6 6 13 G
0.285440 6 6 12 G
0.315937 6 6 11 G
0.375146 6 6 10 G
0.422433 6 6 9 G
0.471921 6 6 8 G
0.499981 6 6 7 G
0.517779 6 6 6 G
0.566542 6 6 5 G
0.616700 6 6 4 G
0.637459 6 6 3 G
0.662967 6 6 2 G
0.698539 6 6 1 G
0.745703 6 6 0 G
0.791501 6 6 14 G
0.838585 6 6 13 G
0.860406 6 6 12 G
0.881784 6 6 11 G
0.923196 6 6 10 G
0.938727 6 6 9 G
0.963652 6 6 8 G
0.998190 6 6 7 G
1.037093 6 6 6 G
1.081965 6 6 5 G
1.130106 6 6 4 G
1.167955 6 6 3 G
1.189395 6 6 2 G
1.217718 6 6 1 G
1.263844 6 6 0 G
1.294836 6 6 14 G
1.315279 6 6 13 G
1.330438 6 6 12 G
1.350486 6 6 11 G
1.371266 6 6 10 G
1.403005 6 6 9 G
1.428413 6 6 8 G
1.463640 6 6 7 G
1.474072 6 6 6 G
1.495393 6 6 5 G
1.515632 6 6 4 G
1.537900 6 6 3 G
1.563858 6 6 2 G
1.586798 6 6 1 G
1.623583 6 6 0 G
1.655817 6 6 14 G
1.700216 6 6 13 G
1.714272 6 6 12 G
1.731409 6 6 11 G
1.743440 6 6 10 G
1.775823 6 6 9 G
1.817222 6 6 8 G
1.835485 6 6 7 G
1.857733 6 6 6 G
1.900973 6 6 5 G
1.930492 6 6 4 G
1.952474 6 6 3 G
1.980231 6 6 2 G
1.994393 6 6 1 G
2.031593 6 6 0 G
2.045005 6 6 14 G
2.081307 6 6 13 G
2.128516 6 6 12 G
2.147824 6 6 11 G
2.193966 6 6 10 G
2.224674 6 6 9 G
2.235558 6 6 8 G
0.000000 0 0 0 A
0.001124 0 0 1 A
0.016812 0 0 2 A
0.028444 0 0 3 A
0.045869 0 0 4 A
0.092644 0 0 5 A
0.135188 0 0 6 A
0.164571 0 0 7 A
0.214248 0 0 8 A
0.230940 0 0 9 A
0.268385 0 0 10 A
0.311797 0 0 11 A
0.350169 0 0 12 A
0.367283 0 0 13 A
0.388764 0 0 14 A
0.412965 0 0 0 A
0.427583 0 0 1 A
0.465812 0 0 2 A
0.495489 0 0 3 A
0.517782 0 0 4 A
0.557692 0 0 5 A
0.601804 0 0 6 A
0.639732 0 0 7 A
0.685136 0 0 8 A
0.732724 0 0 9 A
0.745597 0 0 10 A
0.775156 0 0 11 A
0.810497 0 0 12 A
0.858897 0 0 13 A
0.881546 0 0 14 A
0.899789 0 0 0 A
0.923082 0 0 1 A
0.967652 0 0 2 A
0.982756 0 0 3 A
1.018667 0 0 4 A
1.040920 0 0 5 A
1.055840 0 0 6 A
1.081869 0 0 7 A
1.114980 0 0 8 A
1.139995 0 0 9 A
1.178393 0 0 10 A
1.191554 0 0 11 A
1.236508 0 0 12 A
1.277325 0 0 13 A
1.304922 0 0 14 A
1.328863 0 0 0 A
1.347902 0 0 1 A
1.387396 0 0 2 A
1.426423 0 0 3 A
1.471557 0 0 4 A
1.507492 0 0 5 A
1.547876 0 0 6 A
1.571727 0 0 7 A
1.603396 0 0 8 A
1.638950 0 0 9 A
1.662037 0 0 10 A
1.696071 0 0 11 A
1.731406 0 0 12 A
1.755617 0 0 13 A
1.786691 0 0 14 A
1.813717 0 0 0 A
1.863947 0 0 1 A
1.910166 0 0 2 A
1.957496 0 0 3 A
1.999449 0 0 4 A
2.035150 0 0 5 A
2.083275 0 0 6 A
2.119364 0 0 7 A
2.156152 0 0 8 A
2.199293 0 0 9 A
2.214755 0 0 10 A
2.247158 0 0 11 A
2.279110 0 0 12 A
2.326258 0 0 13 A
2.342842 0 0 14 A
2.368776 0 0 0 A
0.000000 1 1 1 B
0.001125 1 2 1 B
0.051060 1 3 1 B
0.090551 1 4 1 B
0.139920 1 5 1 B
0.187619 1 6 1 B
0.231013 1 7 1 B
0.260667 1 8 1 B
0.303611 1 9 1 B
0.350312 1 10 1 B
0.373501 1 11 1 B
0.405848 1 12 1 B
0.441100 1 13 1 B
0.470373 1 14 1 B
0.512968 1 0 1 B
0.560671 1 1 1 B
0.607470 1 2 1 B
0.645245 1 3 1 B
0.685018 1 4 1 B
0.724402 1 5 1 B
0.768967 1 6 1 B
0.814116 1 7 1 B
0.830544 1 8 1 B
0.846906 1 9 1 B
0.871866 1 10 1 B
0.885231 1 11 1 B
0.928215 1 12 1 B
0.959386 1 13 1 B
1.003945 1 14 1 B
1.019592 1 0 1 B
1.050639 1 1 1 B
1.097460 1 2 1 B
1.142130 1 3 1 B
1.167949 1 4 1 B
1.209991 1 5 1 B
1.248335 1 6 1 B
1.294839 1 7 1 B
1.344777 1 8 1 B
1.388948 1 9 1 B
1.419688 1 10 1 B
1.439813 1 11 1 B
1.463660 1 12 1 B
1.501102 1 13 1 B
1.545752 1 14 1 B
1.584269 1 0 1 B
1.623665 1 1 1 B
1.668352 1 2 1 B
1.680843 1 3 1 B
1.731271 1 4 1 B
1.769090 1 5 1 B
1.808463 1 6 1 B
1.859418 1 7 1 B
1.900969 1 8 1 B
1.913378 1 9 1 B
1.960539 1 10 1 B
1.997290 1 11 1 B
2.020701 1 12 1 B
2.046504 1 13 1 B
2.065789 1 14 1 B
2.100415 1 0 1 B
2.119401 1 1 1 B
2.147968 1 2 1 B
2.169632 1 3 1 B
2.214824 1 4 1 B
2.264697 1 5 1 B
2.285447 1 6 1 B
2.321130 1 7 1 B
2.345454 1 8 1 B
2.367148 1 9 1 B
2.379178 1 10 1 B
2.392639 1 11 1 B
2.419616 1 12 1 B
2.466566 1 13 1 B
2.480679 1 14 1 B
2.506610 1 0 1 B
2.550575 1 1 1 B
2.571780 1 2 1 B
2.616951 1 3 1 B
2.642416 1 4 1 B
2.678637 1 5 1 B
2.715097 1 6 1 B
2.731068 1 7 1 B
2.757571 1 8 1 B
0.000000 3 3 3 D
0.001125 3 2 3 D
0.052789 3 1 3 D
0.086467 3 0 3 D
0.110540 3 14 3 D
0.130572 3 13 3 D
0.169571 3 12 3 D
0.203307 3 11 3 D
0.238271 3 10 3 D
0.281504 3 9 3 D
0.309733 3 8 3 D
0.361213 3 7 3 D
0.378715 3 6 3 D
0.393312 3 5 3 D
0.414566 3 4 3 D
0.449509 3 3 3 D
0.495406 3 2 3 D
0.533803 3 1 3 D
0.582499 3 0 3 D
0.628239 3 14 3 D
0.639737 3 13 3 D
0.683374 3 12 3 D
0.720176 3 11 3 D
0.748415 3 10 3 D
0.794950 3 9 3 D
0.826662 3 8 3 D
0.853668 3 7 3 D
0.896733 3 6 3 D
0.930940 3 5 3 D
0.967764 3 4 3 D
0.989937 3 3 3 D
1.037090 3 2 3 D
1.073557 3 1 3 D
1.115122 3 0 3 D
1.135795 3 14 3 D
1.166449 3 13 3 D
1.208439 3 12 3 D
1.237935 3 11 3 D
1.279945 3 10 3 D
1.330399 3 9 3 D
1.371461 3 8 3 D
1.408808 3 7 3 D
1.421670 3 6 3 D
1.438537 3 5 3 D
1.486606 3 4 3 D
1.517160 3 3 3 D
1.530682 3 2 3 D
1.578469 3 1 3 D
1.596592 3 0 3 D
1.621991 3 14 3 D
1.670891 3 13 3 D
1.686672 3 12 3 D
1.703512 3 11 3 D
1.742357 3 10 3 D
1.753073 3 9 3 D
1.767792 3 8 3 D
1.813827 3 7 3 D
1.826581 3 6 3 D
1.866671 3 5 3 D
1.908834 3 4 3 D
1.952491 3 3 3 D
1.999375 3 2 3 D
2.046585 3 1 3 D
2.061014 3 0 3 D
2.089525 3 14 3 D
2.114994 3 13 3 D
2.151075 3 12 3 D
2.196579 3 11 3 D
2.210620 3 10 3 D
2.255496 3 9 3 D
2.300867 3 8 3 D
2.328857 3 7 3 D
2.362553 3 6 3 D
2.388434 3 5 3 D
2.430510 3 4 3 D
2.480586 3 3 3 D
2.506519 3 2 3 D
2.530889 3 1 3 D
2.549059 3 0 3 D
2.560954 3 14 3 D
2.606034 3 13 3 D
2.629393 3 12 3 D
2.653188 3 11 3 D
2.674003 3 10 3 D
2.717661 3 9 3 D
2.752645 3 8 3 D
2.796675 3 7 3 D
2.815771 3 6 3 D
2.858834 3 5 3 D
2.886450 3 4 3 D
2.910062 3 3 3 D
2.922624 3 2 3 D
2.962419 3 1 3 D
0.000000 12 12 12 M
0.001127 12 12 11 M
0.061493 12 12 10 M
0.099028 12 12 9 M
0.120036 12 12 8 M
0.132100 12 12 7 M
0.148756 12 12 6 M
0.195091 12 12 5 M
0.208032 12 12 4 M
0.233582 12 12 3 M
0.274666 12 12 2 M
0.320596 12 12 1 M
0.365309 12 12 0 M
0.401674 12 12 14 M
0.431657 12 12 13 M
0.464184 12 12 12 M
0.514608 12 12 11 M
0.549502 12 12 10 M
0.591529 12 12 9 M
0.619437 12 12 8 M
0.657742 12 12 7 M
0.681567 12 12 6 M
0.703607 12 12 5 M
0.751751 12 12 4 M
0.773598 12 12 3 M
0.808933 12 12 2 M
0.856128 12 12 1 M
0.891531 12 12 0 M
0.932342 12 12 14 M
0.980659 12 12 13 M
1.018480 12 12 12 M
1.031399 12 12 11 M
1.063639 12 12 10 M
1.101004 12 12 9 M
1.131647 12 12 8 M
1.151941 12 12 7 M
1.181382 12 12 6 M
1.213084 12 12 5 M
1.241058 12 12 4 M
1.254536 12 12 3 M
1.303469 12 12 2 M
1.343215 12 12 1 M
1.362087 12 12 0 M
1.400399 12 12 14 M
1.437193 12 12 13 M
1.488714 12 12 12 M
1.533276 12 12 11 M
1.552510 12 12 10 M
1.595059 12 12 9 M
1.640816 12 12 8 M
1.655813 12 12 7 M
1.697637 12 12 6 M
1.711824 12 12 5 M
1.731268 12 12 4 M
1.767679 12 12 3 M
1.788787 12 12 2 M
1.817344 12 12 1 M
1.831974 12 12 0 M
1.854400 12 12 14 M
1.903597 12 12 13 M
1.940779 12 12 12 M
1.985497 12 12 11 M
2.005561 12 12 10 M
2.021771 12 12 9 M
2.068454 12 12 8 M
2.109494 12 12 7 M
2.150938 12 12 6 M
2.189838 12 12 5 M
2.210627 12 12 4 M
2.231831 12 12 3 M
2.264588 12 12 2 M
2.303456 12 12 1 M
2.324732 12 12 0 M
2.368992 12 12 14 M
2.381161 12 12 13 M
2.407690 12 12 12 M
2.433462 12 12 11 M
2.472760 12 12 10 M
2.489921 12 12 9 M
2.518569 12 12 8 M
2.547493 12 12 7 M
2.595722 12 12 6 M
2.609661 12 12 5 M
2.657507 12 12 4 M
2.678781 12 12 3 M
2.705371 12 12 2 M
2.744579 12 12 1 M
2.786646 12 12 0 M
2.833515 12 12 14 M
2.850188 12 12 13 M
2.893917 12 12 12 M
2.905521 12 12 11 M
2.938080 12 12 10 M
2.959497 12 12 9 M
2.995552 12 12 8 M
3.045264 12 12 7 M
0.000000 10 10 10 K
0.001126 10 10 11 K
0.041164 10 10 12 K
0.075025 10 10 13 K
0.086366 10 10 14 K
0.135183 10 10 0 K
0.156658 10 10 1 K
0.199387 10 10 2 K
0.238275 10 10 3 K
0.262707 10 10 4 K
0.281501 10 10 5 K
0.355503 10 10 6 K
0.384407 10 10 7 K
0.430056 10 10 8 K
0.464076 10 10 9 K
0.480725 10 10 10 K
0.498521 10 10 11 K
0.542744 10 10 12 K
0.555557 10 10 13 K
0.593873 10 10 14 K
0.615107 10 10 0 K
0.663137 10 10 1 K
0.688123 10 10 2 K
0.701549 10 10 3 K
0.738828 10 10 4 K
0.778418 10 10 5 K
0.817850 10 10 6 K
0.853580 10 10 7 K
0.876477 10 10 8 K
0.924613 10 10 9 K
0.969422 10 10 10 K
0.995115 10 10 11 K
1.027254 10 10 12 K
1.040916 10 10 13 K
1.063733 10 10 14 K
1.075567 10 10 0 K
1.106810 10 10 1 K
1.150431 10 10 2 K
1.179809 10 10 3 K
1.211512 10 10 4 K
1.226557 10 10 5 K
1.266452 10 10 6 K
1.296590 10 10 7 K
1.341268 10 10 8 K
1.387400 10 10 9 K
1.419868 10 10 10 K
1.468919 10 10 11 K
1.509425 10 10 12 K
1.526988 10 10 13 K
1.554637 10 10 14 K
1.604500 10 10 0 K
1.653661 10 10 1 K
1.679417 10 10 2 K
1.718539 10 10 3 K
1.767795 10 10 4 K
1.813830 10 10 5 K
1.854056 10 10 6 K
1.890513 10 10 7 K
1.920019 10 10 8 K
1.967471 10 10 9 K
2.011877 10 10 10 K
2.057884 10 10 11 K
2.097545 10 10 12 K
2.126924 10 10 13 K
2.171203 10 10 14 K
2.217373 10 10 0 K
2.254188 10 10 1 K
2.300950 10 10 2 K
2.350162 10 10 3 K
2.397460 10 10 4 K
2.423665 10 10 5 K
2.468693 10 10 6 K
2.515858 10 10 7 K
2.560950 10 10 8 K
2.606030 10 10 9 K
2.649117 10 10 10 K
2.680669 10 10 11 K
2.701148 10 10 12 K
2.742584 10 10 13 K
2.783964 10 10 14 K
2.800612 10 10 0 K
2.823016 10 10 1 K
2.847911 10 10 2 K
2.888178 10 10 3 K
2.933503 10 10 4 K
2.948411 10 10 5 K
2.973397 10 10 6 K
2.986420 10 10 7 K
3.007477 10 10 8 K
3.019415 10 10 9 K
3.063445 10 10 10 K
3.075374 10 10 11 K
3.096040 10 10 12 K
3.107518 10 10 13 K
3.147422 10 10 14 K
3.160540 10 10 0 K
0.000000 14 14 14 O
0.001131 14 14 0 O
0.047470 14 14 1 O
0.097227 14 14 2 O
0.112274 14 14 3 O
0.169575 14 14 4 O
0.212191 14 14 5 O
0.248835 14 14 6 O
0.264192 14 14 7 O
0.303615 14 14 8 O
0.333596 14 14 9 O
0.353364 14 14 10 O
0.375077 14 14 11 O
0.403672 14 14 12 O
0.449505 14 14 13 O
0.468883 14 14 14 O
0.483554 14 14 0 O
0.508916 14 14 1 O
0.560673 14 14 2 O
0.575747 14 14 3 O
0.601786 14 14 4 O
0.613700 14 14 5 O
0.639735 14 14 6 O
0.684928 14 14 7 O
0.732729 14 14 8 O
0.763735 14 14 9 O
0.796494 14 14 10 O
0.829164 14 14 11 O
0.853584 14 14 12 O
0.866555 14 14 13 O
0.896619 14 14 14 O
0.907017 14 14 0 O
0.941725 14 14 1 O
0.986527 14 14 2 O
1.019589 14 14 3 O
1.054378 14 14 4 O
1.103583 14 14 5 O
1.128131 14 14 6 O
1.175205 14 14 7 O
1.201144 14 14 8 O
1.231242 14 14 9 O
1.260236 14 14 10 O
1.307598 14 14 11 O
1.346348 14 14 12 O
1.393594 14 14 13 O
1.429957 14 14 14 O
1.468915 14 14 0 O
1.502631 14 14 1 O
1.521860 14 14 2 O
1.557803 14 14 3 O
1.601516 14 14 4 O
1.640820 14 14 5 O
1.668490 14 14 6 O
1.684615 14 14 7 O
1.729263 14 14 8 O
1.777430 14 14 9 O
1.824526 14 14 10 O
1.857857 14 14 11 O
1.892548 14 14 12 O
1.910437 14 14 13 O
1.946556 14 14 14 O
1.981734 14 14 0 O
2.006644 14 14 1 O
2.021822 14 14 2 O
2.036681 14 14 3 O
2.056481 14 14 4 O
2.101551 14 14 5 O
2.136435 14 14 6 O
2.161466 14 14 7 O
2.207516 14 14 8 O
2.234427 14 14 9 O
2.274432 14 14 10 O
2.321126 14 14 11 O
2.355418 14 14 12 O
2.379181 14 14 13 O
2.420989 14 14 14 O
2.450506 14 14 0 O
2.500349 14 14 1 O
2.550578 14 14 2 O
2.578672 14 14 3 O
2.629396 14 14 4 O
2.642419 14 14 5 O
2.677018 14 14 6 O
2.700950 14 14 7 O
2.734188 14 14 8 O
2.777384 14 14 9 O
2.806505 14 14 10 O
2.819446 14 14 11 O
2.850838 14 14 12 O
2.870057 14 14 13 O
2.902446 14 14 14 O
2.934947 14 14 0 O
2.971681 14 14 1 O
2.990357 14 14 2 O
3.005994 14 14 3 O
3.056710 14 14 4 O
3.093548 14 14 5 O
3.130380 14 14 6 O
3.151391 14 14 7 O
3.170425 14 14 8 O
3.214803 14 14 9 O
