-1  15  15  15
 0.000000000  7  4  12  H
 0.053196099  7  4  11  H
 0.081090805  7  3  11  H
 0.102363730  7  3  11  h
 0.000000000  10  2  13  K
 0.054384013  10  3  13  K
 0.070986975  10  3  12  K
 0.089150532  10  3  12  k
 0.000000000  12  6  5  M
 0.055001318  12  7  5  M
 0.097250287  12  6  5  M
 0.141338800  12  6  5  m
 0.000000000  6  6  3  G
 0.052821283  6  6  4  G
 0.075238816  6  5  4  G
 0.124671621  6  5  5  G
 0.144266344  6  5  5  g
 0.000000000  0  10  3  A
 0.050602415  0  10  4  A
 0.077393486  0  10  3  A
 0.105381789  0  10  2  A
 0.122520435  0  11  2  A
 0.156150068  0  11  3  A
 0.175366123  0  11  3  a
 0.000000000  1  11  2  B
 0.051057178  1  12  2  B
 0.110702455  1  12  1  B
 0.137785073  1  12  2  B
 0.175984703  1  12  3  B
 0.205572565  1  12  3  b
 0.000000000  13  12  1  N
 0.055344397  13  12  2  N
 0.070405600  13  12  3  N
 0.110430562  13  12  2  N
 0.137974047  13  11  2  N
 0.175751188  13  12  2  N
 0.206062974  13  12  2  n
 0.000000000  5  13  8  F
 0.052494616  5  13  7  F
 0.097310750  5  13  6  F
 0.112144426  5  14  6  F
 0.154547276  5  14  7  F
 0.173126882  5  14  6  F
 0.203130607  5  13  6  F
 0.249921122  5  13  5  F
 0.277106559  5  13  4  F
 0.288277184  5  12  4  F
 0.336560921  5  12  4  f
 0.000000000  4  4  14  E
 0.052167424  4  4  0  E
 0.083490412  4  3  0  E
 0.130281974  4  4  0  E
 0.161377561  4  4  14  E
 0.190385344  4  4  0  E
 0.238172441  4  4  14  E
 0.278128197  4  3  14  E
 0.307936024  4  2  14  E
 0.333815782  4  2  13  E
 0.377012014  4  3  13  E
 0.409517415  4  2  13  E
 0.423049569  4  3  13  E
 0.465531331  4  3  13  e
 0.000000000  11  5  14  L
 0.054688138  11  4  14  L
 0.088797833  11  4  0  L
 0.130584262  11  4  1  L
 0.148177420  11  4  0  L
 0.191050916  11  4  1  L
 0.205958370  11  5  1  L
 0.227982180  11  6  1  L
 0.276167631  11  7  1  L
 0.297423850  11  7  0  L
 0.317255651  11  7  14  L
 0.334109968  11  6  14  L
 0.369162731  11  7  14  L
 0.386106998  11  7  13  L
 0.403984704  11  7  12  L
 0.424461913  11  8  12  L
 0.446844493  11  7  12  L
 0.463069163  11  6  12  L
 0.475997842  11  6  13  L
 0.523079241  11  6  14  L
 0.550857612  11  6  0  L
 0.570043975  11  5  0  L
 0.587747583  11  5  14  L
 0.637551483  11  6  14  L
 0.679326985  11  5  14  L
 0.713234210  11  5  13  L
 0.751947509  11  5  14  L
 0.773892066  11  6  14  L
 0.805611394  11  6  13  L
 0.833256093  11  5  13  L
 0.843912987  11  4  13  L
 0.893226093  11  4  14  L
 0.905246347  11  4  0  L
 0.925023177  11  4  14  L
 0.000000000  3  6  7  D
 0.051690749  3  7  7  D
 0.070907424  3  6  7  D
 0.086115121  3  5  7  D
 0.113705620  3  6  7  D
 0.150279404  3  6  8  D
 0.165658788  3  7  8  D
 0.195081759  3  7  9  D
 0.239768734  3  8  9  D
 0.267946065  3  7  9  D
 0.310964301  3  6  9  D
 0.347256559  3  5  9  D
 0.365202325  3  6  9  D
 0.391828567  3  6  8  D
 0.441097410  3  7  8  D
 0.473221622  3  7  7  D
 0.491408074  3  7  8  D
 0.533165918  3  7  7  D
 0.562457885  3  7  8  D
 0.591233395  3  7  9  D
 0.625865699  3  7  10  D
 0.642667131  3  6  10  D
 0.669020322  3  5  10  D
 0.713149928  3  6  10  D
 0.751425302  3  6  9  D
 0.802374426  3  6  10  D
 0.814994210  3  5  10  D
 0.863647506  3  4  10  D
 0.911414439  3  4  9  D
 0.961278695  3  5  9  D
 1.012082999  3  5  10  D
 1.035440868  3  4  10  D
 1.071637445  3  3  10  D
 1.111064535  3  2  10  D
 1.144954724  3  3  10  D
 1.160811582  3  4  10  D
 1.185924274  3  4  11  D
 1.201388090  3  4  10  D
 1.213369091  3  4  9  D
 1.246160634  3  4  8  D
 1.292314951  3  4  7  D
 1.320340863  3  5  7  D
 1.357067314  3  6  7  D
 1.385231179  3  6  6  D
 1.398536966  3  7  6  D
 0.000000000  9  2  7  J
 0.054050993  9  3  7  J
 0.100321383  9  3  6  J
 0.130017815  9  3  5  J
 0.147298094  9  3  4  J
 0.161893565  9  2  4  J
 0.194229660  9  2  3  J
 0.212465896  9  2  4  J
 0.248621497  9  2  3  J
 0.275165335  9  2  4  J
 0.288228560  9  2  5  J
 0.321993756  9  2  4  J
 0.336381141  9  2  3  J
 0.359143656  9  1  3  J
 0.400213032  9  0  3  J
 0.446814683  9  0  2  J
 0.463113308  9  1  2  J
 0.509196248  9  1  1  J
 0.555257500  9  1  2  J
 0.591108282  9  0  2  J
 0.610644903  9  0  3  J
 0.644449035  9  1  3  J
 0.689154302  9  0  3  J
 0.702649090  9  14  3  J
 0.748670347  9  0  3  J
 0.793049553  9  14  3  J
 0.820576061  9  14  2  J
 0.861551898  9  14  1  J
 0.908237331  9  0  1  J
 0.945311487  9  0  0  J
 0.957162811  9  14  0  J
 0.983549400  9  13  0  J
 1.029121000  9  13  1  J
 1.049745926  9  13  0  J
 1.083037318  9  14  0  J
 1.125281433  9  14  1  J
 1.147901038  9  14  2  J
 1.159864709  9  14  1  J
 1.204596980  9  14  2  J
 1.225292322  9  14  3  J
 1.241484461  9  14  4  J
 1.282602341  9  14  3  J
 1.303441344  9  14  2  J
 1.320376276  9  0  2  J
 1.343097268  9  1  2  J
 1.380474050  9  1  3  J
 1.416254228  9  1  4  J
 1.430310146  9  2  4  J
 0.000000000  2  1  5  C
 0.051366846  2  1  4  C
 0.107008120  2  0  4  C
 0.126178499  2  0  3  C
 0.172268773  2  0  2  C
 0.212337578  2  0  3  C
 0.228216545  2  0  2  C
 0.243931408  2  0  3  C
 0.279155150  2  0  4  C
 0.307377086  2  0  3  C
 0.328268881  2  0  2  C
 0.369013131  2  14  2  C
 0.386289337  2  14  1  C
 0.425444858  2  13  1  C
 0.459208347  2  13  0  C
 0.493443337  2  13  14  C
 0.542530144  2  14  14  C
 0.565562893  2  14  0  C
 0.576559717  2  0  0  C
 0.613321283  2  14  0  C
 0.647656675  2  14  14  C
 0.666393233  2  14  13  C
 0.688138888  2  14  12  C
 0.702169770  2  14  13  C
 0.748295988  2  13  13  C
 0.761293494  2  14  13  C
 0.774133750  2  14  14  C
 0.791734371  2  14  13  C
 0.814792788  2  0  13  C
 0.840966804  2  1  13  C
 0.856773419  2  1  14  C
 0.872190304  2  0  14  C
 0.901997135  2  0  13  C
 0.931296175  2  0  14  C
 0.969090458  2  0  13  C
 1.007853184  2  0  14  C
 1.036340577  2  0  0  C
 1.073945906  2  0  14  C
 1.118342672  2  14  14  C
 1.164484417  2  14  13  C
 1.206483248  2  0  13  C
 1.234200755  2  0  14  C
 1.261219614  2  0  13  C
 1.282518336  2  0  12  C
 1.314419310  2  14  12  C
 1.332172991  2  13  12  C
 1.352972781  2  13  13  C
 1.402087591  2  14  13  C
 1.416556310  2  14  12  C
 1.465257216  2  0  12  C
 1.482429501  2  1  12  C
 0.000000000  8  6  10  I
 0.053526989  8  6  9  I
 0.091324609  8  5  9  I
 0.116356823  8  4  9  I
 0.159183516  8  3  9  I
 0.187291353  8  2  9  I
 0.213858434  8  3  9  I
 0.248684763  8  2  9  I
 0.288820871  8  2  8  I
 0.331698778  8  2  7  I
 0.358051677  8  3  7  I
 0.371036630  8  2  7  I
 0.409227603  8  3  7  I
 0.427120097  8  3  8  I
 0.468170264  8  4  8  I
 0.501263666  8  4  7  I
 0.517409441  8  5  7  I
 0.554805647  8  5  6  I
 0.568260209  8  6  6  I
 0.612700157  8  7  6  I
 0.659380415  8  8  6  I
 0.685640246  8  7  6  I
 0.731248811  8  7  7  I
 0.748307627  8  7  8  I
 0.759866813  8  7  7  I
 0.793000688  8  6  7  I
 0.831580673  8  6  8  I
 0.847774878  8  5  8  I
 0.861977384  8  5  7  I
 0.899205525  8  5  8  I
 0.917616750  8  6  8  I
 0.946130732  8  7  8  I
 0.972047328  8  8  8  I
 0.999283236  8  8  9  I
 1.044216918  8  7  9  I
 1.093492085  8  6  9  I
 1.140417775  8  5  9  I
 1.176544439  8  6  9  I
 1.187281147  8  6  10  I
 1.206156008  8  5  10  I
 1.253269549  8  5  9  I
 1.266900913  8  6  9  I
 1.311332275  8  6  10  I
 1.350376351  8  5  10  I
 1.383583081  8  5  9  I
 1.415799847  8  4  9  I
 1.452096016  8  4  10  I
 1.498151622  8  4  9  I
 1.534375822  8  4  8  I
 1.548039454  8  4  7  I
 1.586931113  8  4  6  I
 1.617015899  8  4  5  I
 1.651159157  8  4  5  i
 0.000000000  14  2  5  O
 0.055655036  14  1  5  O
 0.107311494  14  0  5  O
 0.124907658  14  0  4  O
 0.172652090  14  14  4  O
 0.213769475  14  14  3  O
 0.228604131  14  14  4  O
 0.250084627  14  13  4  O
 0.336894226  14  13  3  O
 0.366446418  14  14  3  O
 0.398197558  14  0  3  O
 0.419915684  14  14  3  O
 0.446400231  14  14  2  O
 0.479006589  14  0  2  O
 0.509497818  14  0  1  O
 0.555320616  14  14  1  O
 0.597593107  14  14  2  O
 0.645585889  14  13  2  O
 0.681007463  14  13  1  O
 0.723029341  14  12  1  O
 0.735461836  14  12  0  O
 0.748653919  14  11  0  O
 0.772203805  14  12  0  O
 0.822053343  14  12  14  O
 0.857232388  14  12  13  O
 0.877211543  14  12  14  O
 0.914802525  14  12  13  O
 0.964355220  14  11  13  O
 1.005956392  14  10  13  O
 1.035927059  14  10  14  O
 1.053795617  14  10  0  O
 1.082895818  14  10  1  O
 1.101811079  14  10  2  O
 1.130280513  14  9  2  O
 1.155150761  14  8  2  O
 1.197900004  14  9  2  O
 1.243427955  14  8  2  O
 1.264643341  14  7  2  O
 1.288286535  14  8  2  O
 1.313407465  14  8  1  O
 1.350863857  14  8  0  O
 1.375249806  14  8  14  O
 1.418168233  14  8  13  O
 1.461059717  14  9  13  O
 1.508370205  14  8  13  O
 1.530956803  14  9  13  O
 1.563999156  14  9  12  O
 1.591348929  14  10  12  O
 1.632099641  14  9  12  O
 1.666369057  14  8  12  O
 1.684888768  14  8  13  O
 1.727466490  14  8  14  O
 1.756215630  14  8  0  O
 1.778857530  14  9  0  O
 1.800904114  14  9  14  O
 1.846868548  14  10  14  O
 1.859510326  14  10  13  O
 1.908172538  14  10  14  O
 1.925545750  14  11  14  O
 1.970285604  14  12  14  O
 1.984156463  14  13  14  O
 2.020090292  14  14  14  O
 2.048047614  14  14  0  O
 2.091490355  14  0  0  O
 2.116815903  14  1  0  O
 2.166326902  14  0  0  O
 2.187832541  14  14  0  O
 2.230216363  14  14  1  O
 2.270358089  14  14  2  O
 2.301199978  14  14  1  O
 2.317335674  14  0  1  O
 2.338161831  14  14  1  O
 2.375028158  14  13  1  O
 2.410002155  14  13  2  O
 2.444286394  14  13  1  O
 2.483374663  14  12  1  O
 2.533548207  14  12  1  o
