-1  15  15  15
 0.000000000  0  0  9  A
 0.061603284  0  1  9  A
 0.105179834  0  1  8  A
 0.122272632  0  0  8  A
 0.169942234  0  1  8  A
 0.205375998  0  1  9  A
 0.240316284  0  0  9  A
 0.262986439  0  14  9  A
 0.301149477  0  14  8  A
 0.326602595  0  14  9  A
 0.355290847  0  14  10  A
 0.395239026  0  14  9  A
 0.410814660  0  14  8  A
 0.428908402  0  13  8  A
 0.450935678  0  13  7  A
 0.478027666  0  13  8  A
 0.509812833  0  14  8  A
 0.531157887  0  13  8  A
 0.000000000  6  2  3  G
 0.063698105  6  2  2  G
 0.101946883  6  3  2  G
 0.122453250  6  4  2  G
 0.146632813  6  4  3  G
 0.185820476  6  3  3  G
 0.207762002  6  2  3  G
 0.242637467  6  2  4  G
 0.261853935  6  2  3  G
 0.304936690  6  2  3  g
 0.000000000  2  14  7  C
 0.062208810  2  13  7  C
 0.081914697  2  13  6  C
 0.110310970  2  13  5  C
 0.147643131  2  13  4  C
 0.160564635  2  14  4  C
 0.207683739  2  0  4  C
 0.221299407  2  1  4  C
 0.256086838  2  1  3  C
 0.287159415  2  1  3  c
 0.000000000  11  2  4  L
 0.065696706  11  2  3  L
 0.107011706  11  2  2  L
 0.137172188  11  1  2  L
 0.159672750  11  2  2  L
 0.177839833  11  1  2  L
 0.208896093  11  2  2  L
 0.241569370  11  2  1  L
 0.283789558  11  1  1  L
 0.300862244  11  2  1  L
 0.322672755  11  2  2  L
 0.340228604  11  2  2  l
 0.000000000  8  9  3  I
 0.064479190  8  10  3  I
 0.105649112  8  9  3  I
 0.124757548  8  8  3  I
 0.156935127  8  7  3  I
 0.168852760  8  7  4  I
 0.201249627  8  7  5  I
 0.222230639  8  8  5  I
 0.241670533  8  8  4  I
 0.289921274  8  9  4  I
 0.329558845  8  9  3  I
 0.368958014  8  8  3  I
 0.387614234  8  8  3  i
 0.000000000  3  7  3  D
 0.062622976  3  6  3  D
 0.107117132  3  6  2  D
 0.128023261  3  6  3  D
 0.141848748  3  6  4  D
 0.162760564  3  6  3  D
 0.211508500  3  6  4  D
 0.256841342  3  7  4  D
 0.301419950  3  8  4  D
 0.333326765  3  7  4  D
 0.354706858  3  7  3  D
 0.400959663  3  7  3  d
 0.000000000  13  10  6  N
 0.066352747  13  11  6  N
 0.090795795  13  11  5  N
 0.115997755  13  11  4  N
 0.154805159  13  12  4  N
 0.199928407  13  12  3  N
 0.227020591  13  13  3  N
 0.277661458  13  13  4  N
 0.302074771  13  13  3  N
 0.329722657  13  12  3  N
 0.348890676  13  11  3  N
 0.367773832  13  10  3  N
 0.396637144  13  9  3  N
 0.433068181  13  9  3  n
 0.000000000  5  13  13  F
 0.063313262  5  13  12  F
 0.104664809  5  13  11  F
 0.118988232  5  14  11  F
 0.151263632  5  14  12  F
 0.190013146  5  0  12  F
 0.207823724  5  14  12  F
 0.223636090  5  14  13  F
 0.234971593  5  14  14  F
 0.272122189  5  14  0  F
 0.307568041  5  14  1  F
 0.326933980  5  0  1  F
 0.361953680  5  0  0  F
 0.404897893  5  0  14  F
 0.439856733  5  0  0  F
 0.486704947  5  0  1  F
 0.503799300  5  0  2  F
 0.518257527  5  0  2  f
 0.000000000  10  12  2  K
 0.065155736  10  12  3  K
 0.112909054  10  12  4  K
 0.149178163  10  12  3  K
 0.199674897  10  13  3  K
 0.226738146  10  13  2  K
 0.255600753  10  13  1  K
 0.294276843  10  13  0  K
 0.339845304  10  13  1  K
 0.386459838  10  13  2  K
 0.400884744  10  13  3  K
 0.433554048  10  14  3  K
 0.477607100  10  0  3  K
 0.527894041  10  0  3  k
 0.000000000  14  0  14  O
 0.066697775  14  0  13  O
 0.113251800  14  14  13  O
 0.149424573  14  13  13  O
 0.174180804  14  13  14  O
 0.190139084  14  13  0  O
 0.207544896  14  13  1  O
 0.249845364  14  13  0  O
 0.294046767  14  14  0  O
 0.329903389  14  13  0  O
 0.386340676  14  14  0  O
 0.398789426  14  0  0  O
 0.446170971  14  14  0  O
 0.486402711  14  0  0  O
 0.527811031  14  0  14  O
 0.549924125  14  0  0  O
 0.589595455  14  0  1  O
 0.636810299  14  0  1  o
 0.000000000  4  8  3  E
 0.063002623  4  7  3  E
 0.107400843  4  7  2  E
 0.153902551  4  6  2  E
 0.174029884  4  7  2  E
 0.195683474  4  8  2  E
 0.213712981  4  8  3  E
 0.245863072  4  8  2  E
 0.267673785  4  8  1  E
 0.307676467  4  9  1  E
 0.325639747  4  9  2  E
 0.345272897  4  9  1  E
 0.368853655  4  10  1  E
 0.387583365  4  10  0  E
 0.432137896  4  9  0  E
 0.462140783  4  8  0  E
 0.497384824  4  8  1  E
 0.533694537  4  7  1  E
 0.565804297  4  7  0  E
 0.605683807  4  6  0  E
 0.656905945  4  5  0  E
 0.700405858  4  4  0  E
 0.744176867  4  5  0  E
 0.770686476  4  4  0  E
 0.818457891  4  3  0  E
 0.833468586  4  3  14  E
 0.848841964  4  2  14  E
 0.865564565  4  3  14  E
 0.912716050  4  3  0  E
 0.000000000  7  4  14  H
 0.064069994  7  3  14  H
 0.107777353  7  3  0  H
 0.125783601  7  4  0  H
 0.153298415  7  3  0  H
 0.198725770  7  3  14  H
 0.235583747  7  3  0  H
 0.259891087  7  4  0  H
 0.297318187  7  4  14  H
 0.326939525  7  5  14  H
 0.363593400  7  4  14  H
 0.374875227  7  3  14  H
 0.406593444  7  2  14  H
 0.448809237  7  2  13  H
 0.471627729  7  1  13  H
 0.520038886  7  2  13  H
 0.555747747  7  2  12  H
 0.598510235  7  3  12  H
 0.612891118  7  4  12  H
 0.659117766  7  4  11  H
 0.703896963  7  4  10  H
 0.732447689  7  4  9  H
 0.743130208  7  3  9  H
 0.756591329  7  3  8  H
 0.780623543  7  4  8  H
 0.820863070  7  4  9  H
 0.869178523  7  4  10  H
 0.886531250  7  5  10  H
 0.922227085  7  5  11  H
 0.953722547  7  5  10  H
 0.979994077  7  6  10  H
 0.994202662  7  7  10  H
 1.040730667  7  7  11  H
 1.065952569  7  7  10  H
 1.099688189  7  7  9  H
 1.141584697  7  8  9  H
 1.169530939  7  8  8  H
 1.208861841  7  9  8  H
 0.000000000  1  9  11  B
 0.061904265  1  8  11  B
 0.098273769  1  8  10  B
 0.136082648  1  9  10  B
 0.181763783  1  8  10  B
 0.211216913  1  8  9  B
 0.260181438  1  9  9  B
 0.301974340  1  8  9  B
 0.319543390  1  9  9  B
 0.360899849  1  8  9  B
 0.387974369  1  9  9  B
 0.421922696  1  10  9  B
 0.458956164  1  10  10  B
 0.494743705  1  10  9  B
 0.527262775  1  11  9  B
 0.544054181  1  10  9  B
 0.586279504  1  10  10  B
 0.623196653  1  10  11  B
 0.644604039  1  10  12  B
 0.665919937  1  11  12  B
 0.687118725  1  11  13  B
 0.721127411  1  10  13  B
 0.735523353  1  10  14  B
 0.753165762  1  10  0  B
 0.769451382  1  10  1  B
 0.799111886  1  10  2  B
 0.849553226  1  9  2  B
 0.876946092  1  9  1  B
 0.894797256  1  10  1  B
 0.925800353  1  10  0  B
 0.959751348  1  10  1  B
 0.980214028  1  9  1  B
 0.994207564  1  9  0  B
 1.011561631  1  8  0  B
 1.025783688  1  8  1  B
 1.064591418  1  7  1  B
 1.094749637  1  7  0  B
 1.122805048  1  7  1  B
 1.148269341  1  8  1  B
 1.164662852  1  7  1  B
 1.182261517  1  7  0  B
 1.196246069  1  7  14  B
 1.243078464  1  7  0  B
 1.258853328  1  7  1  B
 1.275327275  1  8  1  B
 1.316867745  1  7  1  B
 1.367454670  1  7  2  B
 1.397924002  1  6  2  B
 1.410471591  1  5  2  B
 1.421883423  1  5  1  B
 1.461883686  1  4  1  B
 1.490926253  1  3  1  B
 1.517921672  1  3  2  B
 1.562242252  1  3  3  B
 0.000000000  9  0  6  J
 0.064827740  9  1  6  J
 0.117071343  9  0  6  J
 0.149191527  9  0  7  J
 0.173912352  9  0  8  J
 0.221487958  9  14  8  J
 0.249427947  9  13  8  J
 0.294585112  9  12  8  J
 0.330828880  9  13  8  J
 0.375033932  9  14  8  J
 0.399728888  9  14  7  J
 0.425454173  9  14  8  J
 0.451213628  9  14  9  J
 0.471476321  9  13  9  J
 0.498866459  9  13  10  J
 0.525864113  9  12  10  J
 0.560781075  9  12  11  J
 0.609854589  9  12  12  J
 0.641394360  9  12  11  J
 0.662777618  9  11  11  J
 0.708662549  9  11  10  J
 0.755779328  9  10  10  J
 0.804348843  9  11  10  J
 0.842848474  9  11  11  J
 0.869857465  9  11  12  J
 0.897881462  9  10  12  J
 0.912969730  9  10  11  J
 0.924697118  9  9  11  J
 0.956794996  9  9  10  J
 1.007560835  9  9  11  J
 1.020457362  9  10  11  J
 1.052678999  9  10  12  J
 1.089969701  9  11  12  J
 1.101880150  9  12  12  J
 1.114370889  9  11  12  J
 1.141560313  9  12  12  J
 1.181825063  9  11  12  J
 1.222724209  9  11  13  J
 1.254629510  9  10  13  J
 1.302490690  9  9  13  J
 1.329725254  9  9  14  J
 1.345802340  9  8  14  J
 1.391236930  9  9  14  J
 1.437272783  9  9  13  J
 1.463826078  9  9  12  J
 1.499050625  9  9  11  J
 1.515791453  9  8  11  J
 1.563791468  9  8  11  j
 0.000000000  12  7  10  M
 0.066000021  12  6  10  M
 0.090636128  12  6  9  M
 0.134825133  12  6  10  M
 0.165890581  12  5  10  M
 0.202788213  12  5  11  M
 0.233332414  12  4  11  M
 0.269061032  12  4  10  M
 0.309439295  12  4  11  M
 0.328702549  12  4  12  M
 0.360493621  12  3  12  M
 0.386453136  12  3  13  M
 0.427282475  12  3  12  M
 0.445668600  12  3  11  M
 0.484606175  12  3  10  M
 0.519630402  12  3  9  M
 0.545933169  12  3  10  M
 0.580163903  12  2  10  M
 0.618048083  12  2  11  M
 0.666860578  12  1  11  M
 0.716872184  12  1  12  M
 0.751024658  12  2  12  M
 0.769145529  12  3  12  M
 0.805800231  12  3  11  M
 0.823485742  12  3  12  M
 0.857726593  12  3  13  M
 0.896594356  12  3  14  M
 0.961825170  12  2  14  M
 0.985217950  12  3  14  M
 1.036073193  12  3  13  M
 1.067197612  12  3  12  M
 1.083908718  12  2  12  M
 1.107691635  12  2  11  M
 1.122630544  12  2  10  M
 1.143437281  12  1  10  M
 1.169260235  12  2  10  M
 1.200425362  12  1  10  M
 1.223076085  12  1  11  M
 1.237060767  12  2  11  M
 1.283650573  12  3  11  M
 1.333363021  12  4  11  M
 1.350591967  12  4  12  M
 1.378021559  12  5  12  M
 1.418790492  12  6  12  M
 1.431708786  12  7  12  M
 1.469638325  12  8  12  M
 1.499790739  12  8  11  M
 1.512119906  12  8  10  M
 1.560741674  12  8  10  m
