-1  15  15  15
 0.000000000  11  2  14  L
 0.056326722  11  2  13  L
 0.084655867  11  2  14  L
 0.118404435  11  3  14  L
 0.145183684  11  2  14  L
 0.183014552  11  3  14  L
 0.208920233  11  2  14  L
 0.224288771  11  2  13  L
 0.241118881  11  1  13  L
 0.278987690  11  1  12  L
 0.322698652  11  1  11  L
 0.355921489  11  0  11  L
 0.000000000  9  7  11  J
 0.055633772  9  7  10  J
 0.102055189  9  7  9  J
 0.140918220  9  7  10  J
 0.191577200  9  6  10  J
 0.217318131  9  7  10  J
 0.244871392  9  6  10  J
 0.258275216  9  5  10  J
 0.307268123  9  5  9  J
 0.343402858  9  5  8  J
 0.364407248  9  6  8  J
 0.387460873  9  6  9  J
 0.411822735  9  6  10  J
 0.000000000  2  14  4  C
 0.053280625  2  0  4  C
 0.084912824  2  0  5  C
 0.096703001  2  1  5  C
 0.141895018  2  1  4  C
 0.157928128  2  1  3  C
 0.178775675  2  2  3  C
 0.210347992  2  2  4  C
 0.245888567  2  2  3  C
 0.262378098  2  3  3  C
 0.281224906  2  3  3  c
 0.000000000  7  7  4  H
 0.054990031  7  6  4  H
 0.105031229  7  6  5  H
 0.134128525  7  6  4  H
 0.151622629  7  6  3  H
 0.179302274  7  6  4  H
 0.217523854  7  6  3  H
 0.230064407  7  5  3  H
 0.242848726  7  4  3  H
 0.270871056  7  4  3  h
 0.000000000  1  7  10  B
 0.052922025  1  6  10  B
 0.101844877  1  7  10  B
 0.150913833  1  6  10  B
 0.191231778  1  6  9  B
 0.207146223  1  7  9  B
 0.218807005  1  6  9  B
 0.229944160  1  7  9  B
 0.244753148  1  8  9  B
 0.255787734  1  8  10  B
 0.276616851  1  9  10  B
 0.295893092  1  10  10  B
 0.319681940  1  11  10  B
 0.360467343  1  11  9  B
 0.392693226  1  10  9  B
 0.414842288  1  11  9  B
 0.430710506  1  12  9  B
 0.486366189  1  12  8  B
 0.507024944  1  11  8  B
 0.531877499  1  11  7  B
 0.573633084  1  11  7  b
 0.000000000  6  0  0  G
 0.054701746  6  14  0  G
 0.097733215  6  14  14  G
 0.114754297  6  14  13  G
 0.143600767  6  14  12  G
 0.157630602  6  13  12  G
 0.198047961  6  13  13  G
 0.238719490  6  13  12  G
 0.265156447  6  13  11  G
 0.295986710  6  14  11  G
 0.308622016  6  14  10  G
 0.340961483  6  13  10  G
 0.356021815  6  12  10  G
 0.401511696  6  12  9  G
 0.442038582  6  12  10  G
 0.486140234  6  12  9  G
 0.507253171  6  12  8  G
 0.536271584  6  11  8  G
 0.573773536  6  11  8  g
 0.000000000  8  1  14  I
 0.055321740  8  1  0  I
 0.084730940  8  1  1  I
 0.102886771  8  0  1  I
 0.152848963  8  1  1  I
 0.172992113  8  1  2  I
 0.219057618  8  2  2  I
 0.239817848  8  1  2  I
 0.265179183  8  1  3  I
 0.309755844  8  1  2  I
 0.356179284  8  0  2  I
 0.370259077  8  14  2  I
 0.418421766  8  0  2  I
 0.434225092  8  0  3  I
 0.446103115  8  0  2  I
 0.472824984  8  0  1  I
 0.498751405  8  1  1  I
 0.542672541  8  2  1  I
 0.564601873  8  2  2  I
 0.579087368  8  3  2  I
 0.628944279  8  3  2  i
 0.000000000  13  9  13  N
 0.057229212  13  9  14  N
 0.070252657  13  9  13  N
 0.105276438  13  10  13  N
 0.128560617  13  9  13  N
 0.148024041  13  9  14  N
 0.177108690  13  10  14  N
 0.216219178  13  10  13  N
 0.266554540  13  10  14  N
 0.295175285  13  10  13  N
 0.313753878  13  10  12  N
 0.325619638  13  10  13  N
 0.376039414  13  9  13  N
 0.415997607  13  10  13  N
 0.465797950  13  10  14  N
 0.511693562  13  10  13  N
 0.532015094  13  11  13  N
 0.545844999  13  12  13  N
 0.573558567  13  12  14  N
 0.612127696  13  12  0  N
 0.650863988  13  12  1  N
 0.692150932  13  12  2  N
 0.735946705  13  12  1  N
 0.752920514  13  12  0  N
 0.769618948  13  13  0  N
 0.789858394  13  12  0  N
 0.819106145  13  11  0  N
 0.868823001  13  12  0  N
 0.918948790  13  11  0  N
 0.967492634  13  12  0  N
 0.000000000  4  8  0  E
 0.053989200  4  8  14  E
 0.097620538  4  9  14  E
 0.120652216  4  9  0  E
 0.147816794  4  9  1  E
 0.195409357  4  9  2  E
 0.207468589  4  9  3  E
 0.227656568  4  9  2  E
 0.271246515  4  10  2  E
 0.290945942  4  9  2  E
 0.324073908  4  9  3  E
 0.336451298  4  10  3  E
 0.356531583  4  10  2  E
 0.379917648  4  10  3  E
 0.415969451  4  10  4  E
 0.436132718  4  11  4  E
 0.471671109  4  11  3  E
 0.504020163  4  12  3  E
 0.549959541  4  11  3  E
 0.579480837  4  11  4  E
 0.595991121  4  11  5  E
 0.615826863  4  11  4  E
 0.633080060  4  11  5  E
 0.678828919  4  12  5  E
 0.706214984  4  13  5  E
 0.725826351  4  13  6  E
 0.747889100  4  13  7  E
 0.768258850  4  12  7  E
 0.803504091  4  13  7  E
 0.836188634  4  12  7  E
 0.857152140  4  12  8  E
 0.888681039  4  12  8  e
 0.000000000  14  8  2  O
 0.057593145  14  9  2  O
 0.088294055  14  9  1  O
 0.110791368  14  10  1  O
 0.139949282  14  11  1  O
 0.163788289  14  12  1  O
 0.180873222  14  12  2  O
 0.197033620  14  12  1  O
 0.212676221  14  12  2  O
 0.233907440  14  11  2  O
 0.247886136  14  11  3  O
 0.288846503  14  11  2  O
 0.303500889  14  10  2  O
 0.353926777  14  11  2  O
 0.371225959  14  12  2  O
 0.418094881  14  13  2  O
 0.442987789  14  13  3  O
 0.487608063  14  14  3  O
 0.517886340  14  14  2  O
 0.534867035  14  13  2  O
 0.547750545  14  13  1  O
 0.582008860  14  13  2  O
 0.604055333  14  13  3  O
 0.649205827  14  13  4  O
 0.684276631  14  13  3  O
 0.710944239  14  14  3  O
 0.743608153  14  0  3  O
 0.784743910  14  1  3  O
 0.807674541  14  1  4  O
 0.823963607  14  1  3  O
 0.844088781  14  0  3  O
 0.882734687  14  0  2  O
 0.910843354  14  0  1  O
 0.941464373  14  0  0  O
 0.955077777  14  0  1  O
 0.998136862  14  14  1  O
 1.041493753  14  14  1  o
 0.000000000  5  3  10  F
 0.054287776  5  2  10  F
 0.077487333  5  2  9  F
 0.113883675  5  3  9  F
 0.158011375  5  3  10  F
 0.200678161  5  3  11  F
 0.221934978  5  2  11  F
 0.261318266  5  2  12  F
 0.307948676  5  3  12  F
 0.351663020  5  3  13  F
 0.371006990  5  2  13  F
 0.393083535  5  3  13  F
 0.424271063  5  3  14  F
 0.473003048  5  2  14  F
 0.502289971  5  1  14  F
 0.528561190  5  0  14  F
 0.554210941  5  14  14  F
 0.596623519  5  0  14  F
 0.638766059  5  14  14  F
 0.681266130  5  14  0  F
 0.719177837  5  13  0  F
 0.753106779  5  13  14  F
 0.784144704  5  12  14  F
 0.810906921  5  12  0  F
 0.869061946  5  13  0  F
 0.900165258  5  13  1  F
 0.920699545  5  14  1  F
 0.937838332  5  13  1  F
 0.977832787  5  12  1  F
 1.015236687  5  13  1  F
 1.061944509  5  13  1  f
 0.000000000  10  0  2  K
 0.055956736  10  0  1  K
 0.083408606  10  0  2  K
 0.117487634  10  14  2  K
 0.139399191  10  14  1  K
 0.182066017  10  14  2  K
 0.220345955  10  0  2  K
 0.259843398  10  1  2  K
 0.309977659  10  2  2  K
 0.348250969  10  2  1  K
 0.366916935  10  2  0  K
 0.403218918  10  1  0  K
 0.451825025  10  2  0  K
 0.488099555  10  3  0  K
 0.517845637  10  3  1  K
 0.557428098  10  4  1  K
 0.571752954  10  4  0  K
 0.618021322  10  5  0  K
 0.660637523  10  6  0  K
 0.678800301  10  6  1  K
 0.699010399  10  7  1  K
 0.725550556  10  7  2  K
 0.747744332  10  8  2  K
 0.794081251  10  8  3  K
 0.815882963  10  8  2  K
 0.854346030  10  9  2  K
 0.900130796  10  9  1  K
 0.930214585  10  10  1  K
 0.970475895  10  10  0  K
 1.001671275  10  10  14  K
 1.037005798  10  11  14  K
 1.070249062  10  11  13  K
 1.084751137  10  10  13  K
 1.110153179  10  9  13  K
 1.126920396  10  9  12  K
 1.155888354  10  9  11  K
 1.173645308  10  10  11  K
 1.185304670  10  10  11  k
 0.000000000  3  1  11  D
 0.053618034  3  2  11  D
 0.095331923  3  2  12  D
 0.138208381  3  1  12  D
 0.181991007  3  2  12  D
 0.210052393  3  2  13  D
 0.279277388  3  3  13  D
 0.305627416  3  3  14  D
 0.319640852  3  2  14  D
 0.350695237  3  2  0  D
 0.367325898  3  2  14  D
 0.402933769  3  1  14  D
 0.416633622  3  1  13  D
 0.432133361  3  1  12  D
 0.470192271  3  1  13  D
 0.505832361  3  1  12  D
 0.547607397  3  0  12  D
 0.586463083  3  14  12  D
 0.604600856  3  14  13  D
 0.651814105  3  13  13  D
 0.668847070  3  13  14  D
 0.691955467  3  12  14  D
 0.717735787  3  12  13  D
 0.732864365  3  12  14  D
 0.764574943  3  11  14  D
 0.776032509  3  11  13  D
 0.802957816  3  10  13  D
 0.842966032  3  9  13  D
 0.865751889  3  9  12  D
 0.892230094  3  9  13  D
 0.918673508  3  10  13  D
 0.950905784  3  10  12  D
 0.965737300  3  11  12  D
 0.980130415  3  11  13  D
 1.010851130  3  10  13  D
 1.034875865  3  10  14  D
 1.085155383  3  10  13  D
 1.127156309  3  11  13  D
 1.152063844  3  11  12  D
 1.164086811  3  10  12  D
 1.213344951  3  10  12  d
 0.000000000  12  0  7  M
 0.056865021  12  0  8  M
 0.095450198  12  1  8  M
 0.128503071  12  2  8  M
 0.161869816  12  3  8  M
 0.172901102  12  3  9  M
 0.200898429  12  3  10  M
 0.229800630  12  3  9  M
 0.243815220  12  2  9  M
 0.273407456  12  3  9  M
 0.314743960  12  3  8  M
 0.348486565  12  4  8  M
 0.394598855  12  4  7  M
 0.418811835  12  4  6  M
 0.441948127  12  5  6  M
 0.483083396  12  5  7  M
 0.504058911  12  5  6  M
 0.547925479  12  6  6  M
 0.560786226  12  7  6  M
 0.580622997  12  7  5  M
 0.595544464  12  8  5  M
 0.618120332  12  7  5  M
 0.650681302  12  7  4  M
 0.663837804  12  7  5  M
 0.708825056  12  8  5  M
 0.743956563  12  9  5  M
 0.782833339  12  9  4  M
 0.797864960  12  8  4  M
 0.839445975  12  9  4  M
 0.852222949  12  9  5  M
 0.876157362  12  9  4  M
 0.925984123  12  8  4  M
 0.942652245  12  9  4  M
 0.954060048  12  9  5  M
 0.984963336  12  8  5  M
 1.029096160  12  9  5  M
 1.067836806  12  10  5  M
 1.113618020  12  11  5  M
 1.160463806  12  12  5  M
 1.173792767  12  11  5  M
 1.218622307  12  12  5  M
 1.256653051  12  11  5  M
 1.280388066  12  10  5  M
 1.320814170  12  9  5  M
 1.337929299  12  10  5  M
 1.386040187  12  10  6  M
 1.401131630  12  11  6  M
 1.424930320  12  10  6  M
 1.453971198  12  9  6  M
 1.488738242  12  8  6  M
 1.509835855  12  8  7  M
 1.547788212  12  9  7  M
 1.582700287  12  8  7  M
 1.606285659  12  7  7  M
 1.644883474  12  8  7  M
 1.667308788  12  8  8  M
 1.699892590  12  7  8  M
 1.737125889  12  6  8  M
 1.786829429  12  7  8  M
 1.799003724  12  6  8  M
 1.832007899  12  7  8  M
 1.854873638  12  7  9  M
 1.893068544  12  6  9  M
 1.904699368  12  6  8  M
 1.925155555  12  6  7  M
 1.950057196  12  5  7  M
 1.972890664  12  5  6  M
 1.997636746  12  6  6  M
 2.016813706  12  6  5  M
 2.045820687  12  5  5  M
 2.084739875  12  5  4  M
 2.098298879  12  6  4  M
 2.125081497  12  7  4  M
 2.173244087  12  7  5  M
 2.190614356  12  8  5  M
 2.213201331  12  9  5  M
 2.233982239  12  8  5  M
 2.252097615  12  8  4  M
 2.263161766  12  9  4  M
 2.275491244  12  10  4  M
 2.302591371  12  9  4  M
 0.000000000  0  12  13  A
 0.052507995  0  11  13  A
 0.074806831  0  12  13  A
 0.124121343  0  12  14  A
 0.169574876  0  12  0  A
 0.194440512  0  12  14  A
 0.224175307  0  12  0  A
 0.240410985  0  12  14  A
 0.283862727  0  12  0  A
 0.301564658  0  12  1  A
 0.329235591  0  12  2  A
 0.368785839  0  12  3  A
 0.391554169  0  12  4  A
 0.423197445  0  13  4  A
 0.440458541  0  12  4  A
 0.472040952  0  13  4  A
 0.504000606  0  14  4  A
 0.535283424  0  13  4  A
 0.573775009  0  14  4  A
 0.598980989  0  13  4  A
 0.639726646  0  14  4  A
 0.684027360  0  13  4  A
 0.711914764  0  12  4  A
 0.729177744  0  12  5  A
 0.777089411  0  11  5  A
 0.823953743  0  11  4  A
 0.856965538  0  11  5  A
 0.903276847  0  10  5  A
 0.942839930  0  10  6  A
 0.970043844  0  9  6  A
 0.992827365  0  8  6  A
 1.028161998  0  9  6  A
 1.075911480  0  8  6  A
 1.114726531  0  8  5  A
 1.160441518  0  8  4  A
 1.191090405  0  8  3  A
 1.213499740  0  8  4  A
 1.253326295  0  8  3  A
 1.280867419  0  8  2  A
 1.331061829  0  9  2  A
 1.371695691  0  9  1  A
 1.414967391  0  10  1  A
 1.448805037  0  10  2  A
 1.467429463  0  9  2  A
 1.503656186  0  8  2  A
 1.539276936  0  8  3  A
 1.558568319  0  7  3  A
 1.588757736  0  7  2  A
 1.635533057  0  6  2  A
 1.682243911  0  6  1  A
 1.716633892  0  5  1  A
 1.736926583  0  6  1  A
 1.747944365  0  7  1  A
 1.798857515  0  6  1  A
 1.847979524  0  6  0  A
 1.876795725  0  5  0  A
 1.918403146  0  4  0  A
 1.958483111  0  4  1  A
 2.007946639  0  5  1  A
 2.032935117  0  5  2  A
 2.050082405  0  6  2  A
 2.076630409  0  7  2  A
 2.124548855  0  8  2  A
 2.155925232  0  7  2  A
 2.195003930  0  6  2  A
 2.220004121  0  6  1  A
 2.258311199  0  6  0  A
 2.308615859  0  6  14  A
 2.350220238  0  6  0  A
 2.362683629  0  5  0  A
 2.406930979  0  6  0  A
 2.426403904  0  7  0  A
 2.476878009  0  7  14  A
 2.521241699  0  8  14  A
 2.548192081  0  8  0  A
 2.594342972  0  8  14  A
 2.632727240  0  8  0  A
 2.644625339  0  8  1  A
 2.681578792  0  9  1  A
 2.705545839  0  9  2  A
