              precision    recall  f1-score   support

         0.0       0.33      1.00      0.50         3
         1.0       0.00      0.00      0.00         3
         2.0       0.50      0.67      0.57         3
         3.0       0.40      0.67      0.50         3
         4.0       0.60      1.00      0.75         3
         5.0       1.00      0.33      0.50         3
         6.0       1.00      0.33      0.50         3
         7.0       0.00      0.00      0.00         3
         8.0       0.00      0.00      0.00         3
         9.0       0.00      0.00      0.00         3

    accuracy                           0.40        30
   macro avg       0.38      0.40      0.33        30
weighted avg       0.38      0.40      0.33        30
