-1  15  15  15
 0.000000000  0  0  0  A
 0.052310240  0  0  1  A
 0.074212792  0  0  2  A
 0.097724487  0  0  3  A
 0.116953085  0  0  4  A
 0.135548502  0  0  5  A
 0.177488181  0  0  6  A
 0.222319420  0  0  7  A
 0.264520554  0  0  8  A
 0.297400958  0  0  9  A
 0.328977653  0  0  10  A
 0.359187230  0  0  11  A
 0.399417283  0  0  12  A
 0.444017558  0  0  13  A
 0.484120552  0  0  14  A
 0.516667403  0  0  0  A
 0.541120608  0  0  1  A
 0.000000000  3  3  3  D
 0.053312686  3  4  3  D
 0.077735745  3  5  3  D
 0.093912809  3  6  3  D
 0.139417446  3  7  3  D
 0.186964938  3  8  3  D
 0.219181053  3  9  3  D
 0.233771439  3  10  3  D
 0.269740238  3  11  3  D
 0.302861876  3  12  3  D
 0.345891155  3  13  3  D
 0.384227068  3  14  3  D
 0.417270525  3  0  3  D
 0.454059807  3  1  3  D
 0.487869170  3  2  3  D
 0.520964203  3  3  3  D
 0.560220630  3  4  3  D
 0.610972077  3  5  3  D
 0.633622351  3  6  3  D
 0.675145662  3  7  3  D
 0.689179119  3  8  3  D
 0.729820522  3  9  3  D
 0.000000000  4  4  4  E
 0.053774199  4  4  5  E
 0.086620547  4  4  6  E
 0.120992990  4  4  7  E
 0.155982367  4  4  8  E
 0.180328584  4  4  9  E
 0.213344806  4  4  10  E
 0.228412289  4  4  11  E
 0.246162869  4  4  12  E
 0.269445865  4  4  13  E
 0.288402026  4  4  14  E
 0.330009832  4  4  0  E
 0.376883385  4  4  1  E
 0.414768122  4  4  2  E
 0.435635467  4  4  3  E
 0.448929711  4  4  4  E
 0.490806948  4  4  5  E
 0.538073768  4  4  6  E
 0.570205813  4  4  7  E
 0.597203282  4  4  8  E
 0.621232928  4  4  9  E
 0.635786622  4  4  10  E
 0.652613203  4  4  11  E
 0.681344014  4  4  12  E
 0.720279303  4  4  13  E
 0.759620220  4  4  14  E
 0.000000000  11  11  11  L
 0.056406467  11  10  11  L
 0.122256384  11  9  11  L
 0.136116952  11  8  11  L
 0.176308830  11  7  11  L
 0.224359233  11  6  11  L
 0.282240268  11  5  11  L
 0.329924812  11  4  11  L
 0.374795599  11  3  11  L
 0.402209154  11  2  11  L
 0.422011125  11  1  11  L
 0.460259069  11  0  11  L
 0.504068966  11  14  11  L
 0.529786597  11  13  11  L
 0.563368245  11  12  11  L
 0.594736415  11  11  11  L
 0.621332913  11  10  11  L
 0.647527642  11  9  11  L
 0.681122964  11  8  11  L
 0.703238081  11  7  11  L
 0.737835855  11  6  11  L
 0.785432175  11  5  11  L
 0.829114050  11  4  11  L
 0.000000000  9  9  9  J
 0.055774270  9  8  9  J
 0.104823048  9  7  9  J
 0.147703146  9  6  9  J
 0.161488487  9  5  9  J
 0.210176602  9  4  9  J
 0.240020907  9  3  9  J
 0.275866837  9  2  9  J
 0.297334088  9  1  9  J
 0.310055594  9  0  9  J
 0.359428966  9  14  9  J
 0.377947112  9  13  9  J
 0.417307116  9  12  9  J
 0.442145124  9  11  9  J
 0.467573226  9  10  9  J
 0.480069726  9  9  9  J
 0.509121464  9  8  9  J
 0.573546479  9  7  9  J
 0.620796494  9  6  9  J
 0.671608537  9  5  9  J
 0.709669758  9  4  9  J
 0.750271146  9  3  9  J
 0.794775337  9  2  9  J
 0.807506921  9  1  9  J
 0.000000000  1  1  1  B
 0.052656064  1  0  1  B
 0.097887578  1  14  1  B
 0.127174722  1  13  1  B
 0.154464103  1  12  1  B
 0.180404703  1  11  1  B
 0.220091065  1  10  1  B
 0.283016193  1  9  1  B
 0.310051630  1  8  1  B
 0.349968512  1  7  1  B
 0.387856414  1  6  1  B
 0.435475136  1  5  1  B
 0.463271101  1  4  1  B
 0.473929130  1  3  1  B
 0.496037787  1  2  1  B
 0.537037906  1  1  1  B
 0.573318940  1  1  1  b
 0.000000000  10  10  10  K
 0.056090910  10  10  11  K
 0.077376700  10  10  12  K
 0.121922820  10  10  13  K
 0.161478514  10  10  14  K
 0.185364000  10  10  0  K
 0.198876462  10  10  1  K
 0.242069672  10  10  2  K
 0.282805724  10  10  3  K
 0.331858830  10  10  4  K
 0.378001961  10  10  5  K
 0.443447868  10  10  6  K
 0.481513859  10  10  7  K
 0.498213439  10  10  8  K
 0.532399029  10  10  9  K
 0.560233974  10  10  10  K
 0.586995070  10  10  11  K
 0.601358926  10  10  12  K
 0.647316897  10  10  13  K
 0.687044593  10  10  14  K
 0.734878000  10  10  0  K
 0.782111593  10  10  1  K
 0.805458239  10  10  2  K
 0.839928672  10  10  3  K
 0.879296331  10  10  4  K
 0.926448046  10  10  5  K
 0.975854774  10  10  6  K
 1.023273849  10  10  7  K
 0.000000000  13  13  13  N
 0.057157236  13  14  13  N
 0.072129779  13  0  13  N
 0.089548783  13  1  13  N
 0.131973023  13  2  13  N
 0.143365985  13  3  13  N
 0.159128995  13  4  13  N
 0.189476926  13  5  13  N
 0.236942949  13  6  13  N
 0.279021155  13  7  13  N
 0.318983584  13  8  13  N
 0.352899304  13  9  13  N
 0.396372745  13  10  13  N
 0.423867417  13  11  13  N
 0.473140531  13  12  13  N
 0.523671671  13  13  13  N
 0.568164271  13  14  13  N
 0.611783688  13  0  13  N
 0.628445507  13  1  13  N
 0.641365198  13  2  13  N
 0.670999518  13  3  13  N
 0.694951887  13  4  13  N
 0.720827807  13  5  13  N
 0.737641504  13  6  13  N
 0.755763114  13  7  13  N
 0.794920085  13  8  13  N
 0.819071182  13  9  13  N
 0.842449303  13  10  13  N
 0.860207997  13  11  13  N
 0.882581552  13  12  13  N
 0.912026109  13  13  13  N
 0.943110748  13  14  13  N
 0.991951096  13  0  13  N
 1.012873300  13  1  13  N
 1.030709469  13  2  13  N
 1.060564113  13  3  13  N
 1.084979486  13  4  13  N
 0.000000000  7  7  7  H
 0.054913592  7  8  7  H
 0.085761328  7  9  7  H
 0.135833880  7  10  7  H
 0.163054549  7  11  7  H
 0.204012268  7  12  7  H
 0.238282652  7  13  7  H
 0.249781605  7  14  7  H
 0.279443538  7  0  7  H
 0.297682311  7  1  7  H
 0.314300945  7  2  7  H
 0.350947631  7  3  7  H
 0.384708829  7  4  7  H
 0.422339170  7  5  7  H
 0.458880560  7  6  7  H
 0.506019787  7  7  7  H
 0.544980498  7  8  7  H
 0.572951093  7  9  7  H
 0.599042344  7  10  7  H
 0.643055376  7  11  7  H
 0.663201934  7  12  7  H
 0.681615107  7  13  7  H
 0.706254037  7  14  7  H
 0.733077700  7  0  7  H
 0.755935036  7  1  7  H
 0.803931372  7  2  7  H
 0.839477876  7  3  7  H
 0.860040308  7  4  7  H
 0.906179494  7  5  7  H
 0.917234656  7  6  7  H
 0.950977781  7  7  7  H
 0.969864709  7  8  7  H
 1.009419020  7  9  7  H
 1.043368878  7  9  7  h
 0.000000000  6  6  6  G
 0.054418285  6  6  7  G
 0.092862545  6  6  8  G
 0.124796910  6  6  9  G
 0.210628022  6  6  10  G
 0.224237419  6  6  11  G
 0.258211699  6  6  12  G
 0.281934937  6  6  13  G
 0.319874209  6  6  14  G
 0.364979962  6  6  0  G
 0.386341658  6  6  1  G
 0.463465937  6  6  2  G
 0.487488480  6  6  3  G
 0.511713331  6  6  4  G
 0.524009759  6  6  5  G
 0.591240010  6  6  6  G
 0.611067749  6  6  7  G
 0.661121261  6  6  8  G
 0.711494665  6  6  9  G
 0.755109089  6  6  10  G
 0.773396192  6  6  11  G
 0.829348991  6  6  12  G
 0.858373601  6  6  13  G
 0.882312527  6  6  14  G
 0.904805555  6  6  0  G
 0.923916427  6  6  1  G
 0.961416738  6  6  2  G
 1.001347977  6  6  3  G
 1.047673372  6  6  4  G
 1.086711507  6  6  5  G
 1.109868830  6  6  6  G
 1.121591100  6  6  7  G
 1.149160424  6  6  8  G
 1.184254117  6  6  9  G
 1.208055984  6  6  10  G
 1.238680551  6  6  11  G
 1.268432090  6  6  12  G
 1.310803399  6  6  13  G
 1.341029054  6  6  14  G
 1.369257775  6  6  0  G
 1.387231967  6  6  1  G
 1.406527549  6  6  2  G
 1.434156319  6  6  3  G
 1.461204844  6  6  4  G
 1.489192880  6  6  5  G
 1.533258901  6  6  6  G
 1.554467977  6  6  7  G
 0.000000000  5  5  5  F
 0.054118218  5  4  5  F
 0.121386392  5  3  5  F
 0.164068735  5  2  5  F
 0.183869337  5  1  5  F
 0.196918461  5  0  5  F
 0.236127165  5  14  5  F
 0.264958682  5  13  5  F
 0.289851664  5  12  5  F
 0.330715037  5  11  5  F
 0.365187036  5  10  5  F
 0.400490514  5  9  5  F
 0.443233085  5  8  5  F
 0.491920766  5  7  5  F
 0.513179030  5  6  5  F
 0.541991767  5  5  5  F
 0.590966537  5  4  5  F
 0.638872118  5  3  5  F
 0.681074018  5  2  5  F
 0.699102860  5  1  5  F
 0.745901550  5  0  5  F
 0.785195040  5  14  5  F
 0.806466032  5  13  5  F
 0.857119410  5  12  5  F
 0.906795234  5  11  5  F
 0.955184347  5  10  5  F
 1.023574163  5  9  5  F
 1.043621046  5  8  5  F
 1.080884129  5  7  5  F
 1.116216271  5  6  5  F
 1.139941763  5  5  5  F
 1.177897481  5  4  5  F
 1.198739393  5  3  5  F
 1.235781617  5  2  5  F
 1.278785020  5  1  5  F
 1.295505533  5  0  5  F
 1.311889994  5  14  5  F
 1.328896737  5  13  5  F
 1.366406200  5  12  5  F
 1.379364668  5  11  5  F
 1.394044586  5  10  5  F
 1.440385984  5  9  5  F
 1.490776421  5  8  5  F
 1.506259235  5  7  5  F
 1.539955198  5  6  5  F
 1.574822368  5  5  5  F
 1.607561351  5  4  5  F
 1.630174429  5  3  5  F
 1.654326858  5  2  5  F
 1.673008173  5  1  5  F
 1.691033228  5  0  5  F
 1.705594374  5  14  5  F
 1.729851556  5  13  5  F
 1.757975894  5  12  5  F
 1.786222540  5  11  5  F
 1.824003070  5  10  5  F
 0.000000000  8  8  8  I
 0.055270117  8  8  9  I
 0.073955853  8  8  10  I
 0.104482226  8  8  11  I
 0.129231612  8  8  12  I
 0.176116209  8  8  13  I
 0.202453833  8  8  14  I
 0.235833654  8  8  0  I
 0.264476103  8  8  1  I
 0.280355441  8  8  2  I
 0.317909593  8  8  3  I
 0.336906042  8  8  4  I
 0.359115603  8  8  5  I
 0.404137777  8  8  6  I
 0.435151838  8  8  7  I
 0.470079557  8  8  8  I
 0.502857695  8  8  9  I
 0.526180857  8  8  10  I
 0.573423797  8  8  11  I
 0.615967001  8  8  12  I
 0.643458247  8  8  13  I
 0.692397646  8  8  14  I
 0.713068360  8  8  0  I
 0.759809055  8  8  1  I
 0.773693470  8  8  2  I
 0.811402601  8  8  3  I
 0.859746930  8  8  4  I
 0.871932936  8  8  5  I
 0.920058619  8  8  6  I
 0.939152565  8  8  7  I
 0.962430922  8  8  8  I
 1.009210521  8  8  9  I
 1.034747851  8  8  10  I
 1.062223838  8  8  11  I
 1.090756068  8  8  12  I
 1.103119867  8  8  13  I
 1.139500249  8  8  14  I
 1.170198608  8  8  0  I
 1.199314728  8  8  1  I
 1.218445202  8  8  2  I
 1.261477869  8  8  3  I
 1.284803660  8  8  4  I
 1.307228682  8  8  5  I
 1.335987270  8  8  6  I
 1.379920125  8  8  7  I
 1.422143030  8  8  8  I
 1.439169713  8  8  9  I
 1.456369067  8  8  10  I
 1.472465246  8  8  11  I
 1.506793117  8  8  12  I
 1.547277053  8  8  13  I
 1.561304581  8  8  14  I
 1.589919167  8  8  0  I
 1.625207493  8  8  1  I
 1.674312867  8  8  2  I
 1.703805795  8  8  3  I
 1.752947122  8  8  4  I
 1.802390054  8  8  5  I
 0.000000000  12  12  12  M
 0.056845788  12  12  13  M
 0.087811727  12  12  14  M
 0.122345510  12  12  0  M
 0.168395640  12  12  1  M
 0.220340620  12  12  2  M
 0.269159404  12  12  3  M
 0.296829784  12  12  4  M
 0.345682919  12  12  5  M
 0.378989954  12  12  6  M
 0.401514351  12  12  7  M
 0.422349813  12  12  8  M
 0.450956926  12  12  9  M
 0.474110393  12  12  10  M
 0.521945725  12  12  11  M
 0.560103867  12  12  12  M
 0.578099142  12  12  13  M
 0.609308836  12  12  14  M
 0.627971531  12  12  0  M
 0.644983272  12  12  1  M
 0.675639396  12  12  2  M
 0.695517977  12  12  3  M
 0.708052389  12  12  4  M
 0.730037102  12  12  5  M
 0.757314243  12  12  6  M
 0.795408263  12  12  7  M
 0.836776334  12  12  8  M
 0.848572827  12  12  9  M
 0.881023946  12  12  10  M
 0.919390655  12  12  11  M
 0.931343287  12  12  12  M
 0.957102076  12  12  13  M
 0.988095527  12  12  14  M
 1.038653914  12  12  0  M
 1.082950708  12  12  1  M
 1.102197548  12  12  2  M
 1.118844340  12  12  3  M
 1.155245861  12  12  4  M
 1.190002682  12  12  5  M
 1.210846160  12  12  6  M
 1.258516362  12  12  7  M
 1.283026753  12  12  8  M
 1.330302131  12  12  9  M
 1.365985605  12  12  10  M
 1.389425356  12  12  11  M
 1.408223296  12  12  12  M
 1.420235611  12  12  13  M
 1.461298302  12  12  14  M
 1.499062811  12  12  0  M
 1.544643952  12  12  1  M
 1.594455820  12  12  2  M
 1.636979693  12  12  3  M
 1.663117573  12  12  4  M
 1.709849142  12  12  5  M
 1.742451867  12  12  6  M
 1.763976035  12  12  7  M
 1.808330830  12  12  8  M
 1.857784625  12  12  9  M
 1.876695280  12  12  10  M
 1.899680166  12  12  11  M
 1.945354209  12  12  12  M
 1.979546285  12  12  13  M
 2.007018361  12  12  14  M
 2.019197796  12  12  0  M
 2.041045044  12  12  1  M
 2.080714199  12  12  2  M
 2.123579608  12  12  3  M
 2.146079352  12  12  4  M
 2.171868305  12  12  5  M
 2.192414318  12  12  6  M
 2.210077582  12  12  7  M
 2.227262632  12  12  8  M
 2.276205635  12  12  9  M
 2.297398862  12  12  10  M
 2.317339610  12  12  11  M
 2.328960563  12  12  12  M
 2.347246555  12  12  13  M
 0.000000000  14  14  14  O
 0.057459188  14  14  13  O
 0.089959272  14  14  12  O
 0.124822832  14  14  11  O
 0.139714893  14  14  10  O
 0.178144503  14  14  9  O
 0.214975412  14  14  8  O
 0.246967542  14  14  7  O
 0.297941249  14  14  6  O
 0.335599900  14  14  5  O
 0.379978730  14  14  4  O
 0.419818128  14  14  3  O
 0.468779321  14  14  2  O
 0.517319795  14  14  1  O
 0.550992444  14  14  0  O
 0.562854036  14  14  14  O
 0.606088270  14  14  13  O
 0.647223216  14  14  12  O
 0.671373142  14  14  11  O
 0.695287032  14  14  10  O
 0.718875638  14  14  9  O
 0.750027082  14  14  8  O
 0.772315431  14  14  7  O
 0.784805900  14  14  6  O
 0.797146746  14  14  5  O
 0.857328510  14  14  4  O
 0.894034339  14  14  3  O
 0.909314181  14  14  2  O
 0.952454474  14  14  1  O
 0.996103967  14  14  0  O
 1.008166975  14  14  14  O
 1.030747253  14  14  13  O
 1.061022116  14  14  12  O
 1.090110395  14  14  11  O
 1.116464346  14  14  10  O
 1.142761685  14  14  9  O
 1.162391770  14  14  8  O
 1.174278367  14  14  7  O
 1.217431794  14  14  6  O
 1.235323540  14  14  5  O
 1.255163578  14  14  4  O
 1.269919715  14  14  3  O
 1.310269708  14  14  2  O
 1.335466626  14  14  1  O
 1.348400251  14  14  0  O
 1.398946738  14  14  14  O
 1.438982689  14  14  13  O
 1.472466041  14  14  12  O
 1.490746659  14  14  11  O
 1.515103165  14  14  10  O
 1.561396467  14  14  9  O
 1.595113403  14  14  8  O
 1.630389415  14  14  7  O
 1.647082900  14  14  6  O
 1.679640706  14  14  5  O
 1.703814274  14  14  4  O
 1.729363598  14  14  3  O
 1.756470400  14  14  2  O
 1.788880376  14  14  1  O
 1.829826735  14  14  0  O
 1.853086178  14  14  14  O
 1.902264880  14  14  13  O
 1.919991442  14  14  12  O
 1.945931195  14  14  11  O
 1.978067138  14  14  10  O
 1.993008215  14  14  9  O
 2.009271127  14  14  8  O
 2.056140349  14  14  7  O
 2.068043562  14  14  6  O
 2.080947369  14  14  5  O
 2.098298917  14  14  4  O
 2.131838004  14  14  3  O
 2.181674301  14  14  2  O
 2.196087474  14  14  1  O
 2.222718095  14  14  0  O
 2.237089989  14  14  14  O
 2.275274218  14  14  13  O
 2.304417614  14  14  12  O
 2.316034665  14  14  11  O
 2.364135294  14  14  10  O
 2.388088221  14  14  9  O
 2.438142115  14  14  8  O
 2.486064927  14  14  7  O
 2.526585635  14  14  6  O
 2.564065461  14  14  5  O
 2.586800415  14  14  4  O
 2.623557519  14  14  3  O
 2.653289759  14  14  2  O
 2.699351238  14  14  1  O
 0.000000000  2  2  2  C
 0.052992079  2  2  3  C
 0.098954012  2  2  4  C
 0.111038629  2  2  5  C
 0.128276248  2  2  6  C
 0.149097373  2  2  7  C
 0.161586609  2  2  8  C
 0.196668876  2  2  9  C
 0.213760483  2  2  10  C
 0.250172000  2  2  11  C
 0.298228039  2  2  12  C
 0.335206972  2  2  13  C
 0.352517085  2  2  14  C
 0.370864348  2  2  0  C
 0.383211306  2  2  1  C
 0.419867700  2  2  2  C
 0.449917816  2  2  3  C
 0.472117923  2  2  4  C
 0.497152002  2  2  5  C
 0.539593349  2  2  6  C
 0.578353823  2  2  7  C
 0.599931914  2  2  8  C
 0.630013170  2  2  9  C
 0.665891362  2  2  10  C
 0.697916765  2  2  11  C
 0.733955291  2  2  12  C
 0.760825792  2  2  13  C
 0.799921311  2  2  14  C
 0.815941156  2  2  0  C
 0.862618347  2  2  1  C
 0.887003582  2  2  2  C
 0.934694016  2  2  3  C
 0.945864307  2  2  4  C
 0.989536919  2  2  5  C
 1.008683544  2  2  6  C
 1.038717250  2  2  7  C
 1.083889654  2  2  8  C
 1.116705889  2  2  9  C
 1.166076540  2  2  10  C
 1.210859592  2  2  11  C
 1.238403672  2  2  12  C
 1.279681490  2  2  13  C
 1.295356674  2  2  14  C
 1.335814658  2  2  0  C
 1.381019310  2  2  1  C
 1.425931847  2  2  2  C
 1.467300736  2  2  3  C
 1.483932840  2  2  4  C
 1.512917271  2  2  5  C
 1.545123606  2  2  6  C
 1.564996049  2  2  7  C
 1.579008928  2  2  8  C
 1.598713974  2  2  9  C
 1.630181983  2  2  10  C
 1.663225283  2  2  11  C
 1.689654530  2  2  12  C
 1.703521371  2  2  13  C
 1.742308837  2  2  14  C
 1.780918807  2  2  0  C
 1.825677117  2  2  1  C
 1.839685998  2  2  2  C
 1.868737188  2  2  3  C
 1.900671479  2  2  4  C
 1.920096102  2  2  5  C
 1.938952631  2  2  6  C
 1.969834444  2  2  7  C
 1.994108679  2  2  8  C
 2.035850991  2  2  9  C
 2.060744129  2  2  10  C
 2.087368962  2  2  11  C
 2.127191671  2  2  12  C
 2.172151067  2  2  13  C
 2.219062972  2  2  14  C
 2.264002170  2  2  0  C
 2.275846920  2  2  1  C
 2.308661483  2  2  2  C
 2.347747002  2  2  3  C
 2.376077990  2  2  4  C
 2.417756351  2  2  5  C
 2.443137574  2  2  6  C
 2.483531021  2  2  7  C
 2.517972244  2  2  8  C
 2.531281939  2  2  9  C
 2.559243946  2  2  10  C
 2.592368661  2  2  11  C
 2.639768390  2  2  12  C
 2.669715627  2  2  13  C
 2.697894291  2  2  14  C
 2.732036104  2  2  0  C
