-1  15  15  15
 0.000000000  12  12  12  M
 0.065318511  12  12  11  M
 0.106042871  12  12  10  M
 0.131036566  12  12  9  M
 0.180993309  12  12  8  M
 0.222134482  12  12  7  M
 0.255077950  12  12  6  M
 0.272189354  12  12  5  M
 0.339353027  12  12  4  M
 0.361107409  12  12  3  M
 0.401358782  12  12  2  M
 0.437123639  12  12  1  M
 0.475197506  12  12  0  M
 0.524923649  12  12  14  M
 0.567133768  12  12  13  M
 0.608894631  12  12  12  M
 0.642819260  12  12  11  M
 0.000000000  11  11  11  L
 0.064999748  11  10  11  L
 0.097410506  11  9  11  L
 0.123234496  11  8  11  L
 0.145025307  11  7  11  L
 0.179842482  11  6  11  L
 0.220956682  11  5  11  L
 0.263565796  11  4  11  L
 0.275031726  11  3  11  L
 0.298828710  11  2  11  L
 0.341402443  11  1  11  L
 0.389940788  11  0  11  L
 0.416391595  11  14  11  L
 0.449485198  11  13  11  L
 0.461252168  11  12  11  L
 0.500920929  11  11  11  L
 0.525827969  11  10  11  L
 0.574872883  11  9  11  L
 0.601169351  11  8  11  L
 0.631245840  11  7  11  L
 0.672087242  11  6  11  L
 0.688298501  11  5  11  L
 0.709310519  11  4  11  L
 0.720698046  11  3  11  L
 0.745518568  11  2  11  L
 0.767200496  11  1  11  L
 0.779362646  11  0  11  L
 0.000000000  2  2  2  C
 0.061411988  2  2  3  C
 0.094071224  2  2  4  C
 0.138060151  2  2  5  C
 0.151298259  2  2  6  C
 0.168052634  2  2  7  C
 0.202762698  2  2  8  C
 0.214043979  2  2  9  C
 0.247845281  2  2  10  C
 0.262124053  2  2  11  C
 0.295674122  2  2  12  C
 0.341123666  2  2  13  C
 0.362460574  2  2  14  C
 0.405010260  2  2  0  C
 0.418017385  2  2  1  C
 0.456855153  2  2  2  C
 0.493163367  2  2  3  C
 0.539192576  2  2  4  C
 0.585340103  2  2  5  C
 0.598216576  2  2  6  C
 0.622803291  2  2  7  C
 0.652299213  2  2  8  C
 0.692661306  2  2  9  C
 0.734094864  2  2  10  C
 0.747510944  2  2  11  C
 0.791021563  2  2  12  C
 0.827980847  2  2  13  C
 0.849295424  2  2  14  C
 0.884595420  2  2  0  C
 0.929824043  2  2  1  C
 0.000000000  5  5  5  F
 0.062870084  5  6  5  F
 0.097825248  5  7  5  F
 0.124472317  5  8  5  F
 0.190399398  5  9  5  F
 0.207302333  5  10  5  F
 0.222130323  5  11  5  F
 0.248965421  5  12  5  F
 0.289200468  5  13  5  F
 0.339166754  5  14  5  F
 0.384375210  5  0  5  F
 0.402362925  5  1  5  F
 0.452189101  5  2  5  F
 0.494216791  5  3  5  F
 0.534973861  5  4  5  F
 0.559190356  5  5  5  F
 0.591950926  5  6  5  F
 0.609516682  5  7  5  F
 0.629020176  5  8  5  F
 0.664370694  5  9  5  F
 0.708955970  5  10  5  F
 0.745782093  5  11  5  F
 0.793751207  5  12  5  F
 0.807732985  5  13  5  F
 0.825217375  5  14  5  F
 0.852103665  5  0  5  F
 0.865177432  5  1  5  F
 0.892340138  5  2  5  F
 0.904964527  5  3  5  F
 0.935959550  5  4  5  F
 0.978342570  5  5  5  F
 1.026924181  5  6  5  F
 1.069152353  5  7  5  F
 1.119420243  5  8  5  F
 1.146160939  5  9  5  F
 1.181499735  5  10  5  F
 1.220002715  5  11  5  F
 1.232085642  5  12  5  F
 1.268024017  5  13  5  F
 1.287740826  5  14  5  F
 0.000000000  6  6  6  G
 0.063167709  6  6  7  G
 0.122949608  6  6  8  G
 0.171134162  6  6  9  G
 0.212201440  6  6  10  G
 0.231819391  6  6  11  G
 0.273015782  6  6  12  G
 0.295547895  6  6  13  G
 0.349658075  6  6  14  G
 0.388271115  6  6  0  G
 0.417680243  6  6  1  G
 0.459042227  6  6  2  G
 0.508229879  6  6  3  G
 0.552961783  6  6  4  G
 0.593158813  6  6  5  G
 0.641364933  6  6  6  G
 0.662139964  6  6  7  G
 0.686852396  6  6  8  G
 0.699548743  6  6  9  G
 0.738800034  6  6  10  G
 0.784353544  6  6  11  G
 0.803175219  6  6  12  G
 0.836727417  6  6  13  G
 0.870665089  6  6  14  G
 0.920768893  6  6  0  G
 0.955885944  6  6  1  G
 0.975251794  6  6  2  G
 0.990990596  6  6  3  G
 1.038887387  6  6  4  G
 1.070416500  6  6  5  G
 1.119556443  6  6  6  G
 1.159893507  6  6  7  G
 1.182170872  6  6  8  G
 1.207538207  6  6  9  G
 1.227224540  6  6  10  G
 1.258988483  6  6  11  G
 1.294773488  6  6  12  G
 0.000000000  9  9  9  J
 0.064364020  9  8  9  J
 0.094422749  9  7  9  J
 0.111219699  9  6  9  J
 0.161155856  9  5  9  J
 0.180879945  9  4  9  J
 0.230735050  9  3  9  J
 0.273953977  9  2  9  J
 0.312827243  9  1  9  J
 0.334060269  9  0  9  J
 0.366591534  9  14  9  J
 0.402533554  9  13  9  J
 0.434509873  9  12  9  J
 0.481139597  9  11  9  J
 0.521861712  9  10  9  J
 0.561161885  9  9  9  J
 0.586085757  9  8  9  J
 0.599723071  9  7  9  J
 0.632955020  9  6  9  J
 0.647304069  9  5  9  J
 0.672694942  9  4  9  J
 0.699567857  9  3  9  J
 0.748831438  9  2  9  J
 0.764236178  9  1  9  J
 0.799068110  9  0  9  J
 0.857136681  9  14  9  J
 0.878294361  9  13  9  J
 0.918413333  9  12  9  J
 0.953935139  9  11  9  J
 0.995087366  9  10  9  J
 1.010961044  9  9  9  J
 1.054974634  9  8  9  J
 1.103707741  9  7  9  J
 1.138420401  9  6  9  J
 1.185201958  9  5  9  J
 1.227008408  9  4  9  J
 1.254617981  9  3  9  J
 1.302233730  9  2  9  J
 1.322782141  9  1  9  J
 1.366291372  9  0  9  J
 1.402933683  9  14  9  J
 0.000000000  0  0  0  A
 0.060752180  0  0  14  A
 0.104067444  0  0  13  A
 0.116098985  0  0  12  A
 0.150241855  0  0  11  A
 0.161081710  0  0  10  A
 0.198133787  0  0  9  A
 0.234529724  0  0  8  A
 0.266780868  0  0  7  A
 0.349119607  0  0  6  A
 0.386803569  0  0  5  A
 0.452531151  0  0  4  A
 0.472116192  0  0  3  A
 0.519367147  0  0  2  A
 0.538304787  0  0  1  A
 0.578042398  0  0  0  A
 0.617487771  0  0  14  A
 0.637174177  0  0  13  A
 0.689137710  0  0  12  A
 0.704052434  0  0  11  A
 0.743947648  0  0  10  A
 0.766191126  0  0  9  A
 0.811923738  0  0  8  A
 0.856961209  0  0  7  A
 0.896928415  0  0  6  A
 0.944374446  0  0  5  A
 0.977340188  0  0  4  A
 0.995726215  0  0  3  A
 1.027190008  0  0  2  A
 1.061189616  0  0  1  A
 1.072054835  0  0  0  A
 1.115127213  0  0  14  A
 1.147285427  0  0  13  A
 1.179625018  0  0  12  A
 1.192406351  0  0  12  a
 0.000000000  1  1  1  B
 0.061085919  1  0  1  B
 0.109994105  1  14  1  B
 0.159249872  1  13  1  B
 0.174776563  1  12  1  B
 0.200866763  1  11  1  B
 0.222492568  1  10  1  B
 0.256315139  1  9  1  B
 0.286752809  1  8  1  B
 0.310595612  1  7  1  B
 0.327782869  1  6  1  B
 0.360037119  1  5  1  B
 0.405895395  1  4  1  B
 0.432046449  1  3  1  B
 0.460458977  1  2  1  B
 0.503983703  1  1  1  B
 0.534080476  1  0  1  B
 0.555008318  1  14  1  B
 0.577851346  1  13  1  B
 0.592078094  1  12  1  B
 0.626927403  1  11  1  B
 0.639130026  1  10  1  B
 0.661412188  1  9  1  B
 0.691428664  1  8  1  B
 0.740852774  1  7  1  B
 0.761285551  1  6  1  B
 0.806357779  1  5  1  B
 0.825243555  1  4  1  B
 0.837004411  1  3  1  B
 0.849411132  1  2  1  B
 0.871858205  1  1  1  B
 0.892432098  1  0  1  B
 0.928273770  1  14  1  B
 0.971504394  1  13  1  B
 0.985754319  1  12  1  B
 1.008792602  1  11  1  B
 1.040367064  1  10  1  B
 1.074742247  1  9  1  B
 1.105853666  1  8  1  B
 1.119402962  1  7  1  B
 1.143087499  1  6  1  B
 1.191035489  1  5  1  B
 1.233980377  1  4  1  B
 1.259191007  1  3  1  B
 1.306254321  1  3  1  b
 0.000000000  10  10  10  K
 0.064686892  10  10  9  K
 0.100317920  10  10  8  K
 0.146049866  10  10  7  K
 0.178864251  10  10  6  K
 0.203107953  10  10  5  K
 0.249166952  10  10  4  K
 0.279306022  10  10  3  K
 0.308819332  10  10  2  K
 0.353226481  10  10  1  K
 0.384125082  10  10  0  K
 0.400279161  10  10  14  K
 0.419892076  10  10  13  K
 0.455228794  10  10  12  K
 0.487988805  10  10  11  K
 0.499416993  10  10  10  K
 0.534479926  10  10  9  K
 0.586145016  10  10  8  K
 0.609533329  10  10  7  K
 0.647310411  10  10  6  K
 0.681063131  10  10  5  K
 0.719773021  10  10  4  K
 0.745577732  10  10  3  K
 0.760953192  10  10  2  K
 0.784952407  10  10  1  K
 0.819212476  10  10  0  K
 0.856569418  10  10  14  K
 0.888799794  10  10  13  K
 0.920515724  10  10  12  K
 0.947763708  10  10  11  K
 0.989068330  10  10  10  K
 1.000216028  10  10  9  K
 1.055208476  10  10  8  K
 1.105243171  10  10  7  K
 1.143064773  10  10  6  K
 1.183707611  10  10  5  K
 1.232289989  10  10  4  K
 1.251166973  10  10  3  K
 1.263107816  10  10  2  K
 1.279332017  10  10  1  K
 1.313916265  10  10  0  K
 1.332789017  10  10  14  K
 1.348183803  10  10  13  K
 1.379866802  10  10  12  K
 1.410297979  10  10  11  K
 1.455137031  10  10  10  K
 1.485508874  10  10  9  K
 1.504445411  10  10  8  K
 1.538648943  10  10  7  K
 1.564187163  10  10  6  K
 1.600701935  10  10  5  K
 1.636903663  10  10  4  K
 1.648348280  10  10  3  K
 1.671799712  10  10  2  K
 0.000000000  13  13  13  N
 0.065841086  13  14  13  N
 0.138696280  13  0  13  N
 0.173294451  13  1  13  N
 0.191704711  13  2  13  N
 0.230743319  13  3  13  N
 0.254023955  13  4  13  N
 0.276160531  13  5  13  N
 0.290882551  13  6  13  N
 0.323598559  13  7  13  N
 0.349473730  13  8  13  N
 0.412484198  13  9  13  N
 0.440822361  13  10  13  N
 0.488315353  13  11  13  N
 0.535726634  13  12  13  N
 0.560128761  13  13  13  N
 0.607985641  13  14  13  N
 0.647494139  13  0  13  N
 0.665121154  13  1  13  N
 0.688888569  13  2  13  N
 0.731453729  13  3  13  N
 0.746428406  13  4  13  N
 0.780754741  13  5  13  N
 0.809892982  13  6  13  N
 0.827719318  13  7  13  N
 0.851524020  13  8  13  N
 0.892018831  13  9  13  N
 0.916300486  13  10  13  N
 0.960140583  13  11  13  N
 0.989246377  13  12  13  N
 1.004118305  13  13  13  N
 1.034141920  13  14  13  N
 1.067062034  13  0  13  N
 1.105805989  13  1  13  N
 1.139037484  13  2  13  N
 1.189403080  13  3  13  N
 1.211256175  13  4  13  N
 1.222788355  13  5  13  N
 1.269392800  13  6  13  N
 1.299447079  13  7  13  N
 1.328441317  13  8  13  N
 1.378274315  13  9  13  N
 1.419182910  13  10  13  N
 1.468951773  13  11  13  N
 1.509955264  13  12  13  N
 1.525993845  13  13  13  N
 1.561183100  13  14  13  N
 1.604941208  13  0  13  N
 1.622723570  13  1  13  N
 1.641161048  13  2  13  N
 1.689291330  13  3  13  N
 1.702936693  13  4  13  N
 1.727102252  13  5  13  N
 1.775728336  13  6  13  N
 1.788750295  13  7  13  N
 1.810030500  13  8  13  N
 0.000000000  14  14  14  O
 0.066306993  14  14  13  O
 0.094349418  14  14  12  O
 0.138314108  14  14  11  O
 0.185809435  14  14  10  O
 0.226425813  14  14  9  O
 0.246930558  14  14  8  O
 0.279988610  14  14  7  O
 0.325037916  14  14  6  O
 0.348569932  14  14  5  O
 0.365162646  14  14  4  O
 0.384188697  14  14  3  O
 0.407999324  14  14  2  O
 0.448556371  14  14  1  O
 0.485332279  14  14  0  O
 0.497927403  14  14  14  O
 0.536847625  14  14  13  O
 0.549335202  14  14  12  O
 0.573461597  14  14  11  O
 0.618465437  14  14  10  O
 0.640108217  14  14  9  O
 0.672407452  14  14  8  O
 0.720747321  14  14  7  O
 0.770930011  14  14  6  O
 0.791090688  14  14  5  O
 0.827065656  14  14  4  O
 0.851949753  14  14  3  O
 0.878710467  14  14  2  O
 0.900071571  14  14  1  O
 0.944206089  14  14  0  O
 0.971231924  14  14  14  O
 0.986973116  14  14  13  O
 1.012073707  14  14  12  O
 1.049144576  14  14  11  O
 1.061183024  14  14  10  O
 1.074216839  14  14  9  O
 1.085909884  14  14  8  O
 1.120831289  14  14  7  O
 1.142057662  14  14  6  O
 1.160299525  14  14  5  O
 1.195012191  14  14  4  O
 1.205914389  14  14  3  O
 1.275513499  14  14  2  O
 1.293324221  14  14  1  O
 1.325065496  14  14  0  O
 1.362707983  14  14  14  O
 1.401055740  14  14  13  O
 1.438419255  14  14  12  O
 1.456959383  14  14  11  O
 1.507102696  14  14  10  O
 1.529533288  14  14  10  o
 0.000000000  7  7  7  H
 0.063684089  7  6  7  H
 0.078482518  7  5  7  H
 0.122989719  7  4  7  H
 0.156052047  7  3  7  H
 0.194355044  7  2  7  H
 0.214285402  7  1  7  H
 0.263905927  7  0  7  H
 0.286556265  7  14  7  H
 0.348882331  7  13  7  H
 0.399269980  7  12  7  H
 0.433014243  7  11  7  H
 0.460925263  7  10  7  H
 0.498249535  7  9  7  H
 0.519746594  7  8  7  H
 0.539092019  7  7  7  H
 0.553908434  7  6  7  H
 0.577444637  7  5  7  H
 0.608958271  7  4  7  H
 0.634465548  7  3  7  H
 0.671997316  7  2  7  H
 0.708848337  7  1  7  H
 0.719590924  7  0  7  H
 0.762494768  7  14  7  H
 0.791466995  7  13  7  H
 0.822960145  7  12  7  H
 0.856090994  7  11  7  H
 0.878617957  7  10  7  H
 0.917925305  7  9  7  H
 0.947310272  7  8  7  H
 0.965041533  7  7  7  H
 0.982052608  7  6  7  H
 0.997816867  7  5  7  H
 1.015464518  7  4  7  H
 1.060145841  7  3  7  H
 1.085606329  7  2  7  H
 1.122825026  7  1  7  H
 1.152667890  7  0  7  H
 1.185417100  7  14  7  H
 1.235014122  7  13  7  H
 1.255379897  7  12  7  H
 1.287932162  7  11  7  H
 1.332333879  7  10  7  H
 1.371798775  7  9  7  H
 1.409801024  7  8  7  H
 1.457315101  7  7  7  H
 1.506203672  7  6  7  H
 1.543060328  7  5  7  H
 1.562952201  7  4  7  H
 1.599735533  7  3  7  H
 1.637049210  7  2  7  H
 1.648055796  7  1  7  H
 1.670524485  7  0  7  H
 1.708024973  7  14  7  H
 1.746149112  7  13  7  H
 1.777296889  7  12  7  H
 1.793211759  7  11  7  H
 1.808083312  7  10  7  H
 1.833529944  7  9  7  H
 1.871933832  7  8  7  H
 1.915088030  7  7  7  H
 1.948289115  7  6  7  H
 1.969781142  7  5  7  H
 1.983068568  7  4  7  H
 2.008139418  7  3  7  H
 2.036021428  7  2  7  H
 2.085290203  7  1  7  H
 2.113870438  7  0  7  H
 2.160190821  7  14  7  H
 2.196000717  7  13  7  H
 2.216128031  7  12  7  H
 2.261448658  7  11  7  H
 2.277290581  7  10  7  H
 2.318088963  7  9  7  H
 2.364870693  7  8  7  H
 2.415345294  7  7  7  H
 2.426000688  7  6  7  H
 2.459121456  7  5  7  H
 2.478933678  7  4  7  H
 2.497128784  7  3  7  H
 2.517555816  7  2  7  H
 0.000000000  8  8  8  I
 0.064021043  8  8  7  I
 0.076995095  8  8  6  I
 0.109849890  8  8  5  I
 0.148218153  8  8  4  I
 0.190170800  8  8  3  I
 0.207553322  8  8  2  I
 0.228743593  8  8  1  I
 0.256229077  8  8  0  I
 0.299007020  8  8  14  I
 0.326447218  8  8  13  I
 0.377047638  8  8  12  I
 0.412260130  8  8  11  I
 0.440966952  8  8  10  I
 0.485240704  8  8  9  I
 0.499040356  8  8  8  I
 0.523374719  8  8  7  I
 0.572960054  8  8  6  I
 0.611307415  8  8  5  I
 0.623633146  8  8  4  I
 0.664167830  8  8  3  I
 0.691462898  8  8  2  I
 0.736178472  8  8  1  I
 0.781830361  8  8  0  I
 0.827318690  8  8  14  I
 0.848987892  8  8  13  I
 0.861407564  8  8  12  I
 0.891469745  8  8  11  I
 0.940017802  8  8  10  I
 0.955662762  8  8  9  I
 0.980244728  8  8  8  I
 1.000210756  8  8  7  I
 1.048799977  8  8  6  I
 1.061277001  8  8  5  I
 1.103222077  8  8  4  I
 1.132239455  8  8  3  I
 1.153470953  8  8  2  I
 1.164469459  8  8  1  I
 1.194076701  8  8  0  I
 1.243950401  8  8  14  I
 1.290891710  8  8  13  I
 1.338888437  8  8  12  I
 1.353961758  8  8  11  I
 1.397270775  8  8  10  I
 1.441511320  8  8  9  I
 1.453982346  8  8  8  I
 1.484012704  8  8  7  I
 1.506630956  8  8  6  I
 1.521200672  8  8  5  I
 1.542046946  8  8  4  I
 1.577244449  8  8  3  I
 1.625090352  8  8  2  I
 1.652152505  8  8  1  I
 1.700211508  8  8  0  I
 1.721993888  8  8  14  I
 1.746013400  8  8  13  I
 1.780470252  8  8  12  I
 1.818426252  8  8  11  I
 1.858155031  8  8  10  I
 1.891957899  8  8  9  I
 1.921361280  8  8  8  I
 1.957652799  8  8  7  I
 1.997854914  8  8  6  I
 2.020064235  8  8  5  I
 2.055846860  8  8  4  I
 2.085129249  8  8  3  I
 2.114846930  8  8  2  I
 2.165928505  8  8  1  I
 2.191204650  8  8  0  I
 2.217894958  8  8  14  I
 2.235918057  8  8  14  i
 0.000000000  3  3  3  D
 0.061838493  3  2  3  D
 0.138083842  3  1  3  D
 0.162809956  3  0  3  D
 0.206834653  3  14  3  D
 0.225935155  3  13  3  D
 0.261468233  3  12  3  D
 0.289669466  3  11  3  D
 0.332022415  3  10  3  D
 0.380613484  3  9  3  D
 0.427802536  3  8  3  D
 0.445404298  3  7  3  D
 0.479197839  3  6  3  D
 0.510404172  3  5  3  D
 0.543104732  3  4  3  D
 0.586511433  3  3  3  D
 0.617284521  3  2  3  D
 0.659037736  3  1  3  D
 0.706107131  3  0  3  D
 0.728393665  3  14  3  D
 0.772887885  3  13  3  D
 0.810373901  3  12  3  D
 0.853975181  3  11  3  D
 0.885305272  3  10  3  D
 0.922383303  3  9  3  D
 0.957038494  3  8  3  D
 0.973733045  3  7  3  D
 0.993581167  3  6  3  D
 1.012057783  3  5  3  D
 1.038619994  3  4  3  D
 1.050171133  3  3  3  D
 1.099154934  3  2  3  D
 1.145143003  3  1  3  D
 1.184060474  3  0  3  D
 1.211284803  3  14  3  D
 1.233464977  3  13  3  D
 1.275256869  3  12  3  D
 1.308959528  3  11  3  D
 1.337441360  3  10  3  D
 1.372248579  3  9  3  D
 1.394912249  3  8  3  D
 1.422355152  3  7  3  D
 1.459513918  3  6  3  D
 1.472793125  3  5  3  D
 1.487017738  3  4  3  D
 1.529558130  3  3  3  D
 1.576767596  3  2  3  D
 1.607090382  3  1  3  D
 1.620071519  3  0  3  D
 1.648228072  3  14  3  D
 1.668588422  3  13  3  D
 1.699748116  3  12  3  D
 1.726151138  3  11  3  D
 1.775870109  3  10  3  D
 1.806948049  3  9  3  D
 1.828100617  3  8  3  D
 1.854777477  3  7  3  D
 1.873159039  3  6  3  D
 1.916658366  3  5  3  D
 1.964191684  3  4  3  D
 1.981525624  3  3  3  D
 2.003412672  3  2  3  D
 2.015485199  3  1  3  D
 2.060040564  3  0  3  D
 2.074041964  3  14  3  D
 2.121209128  3  13  3  D
 2.161708422  3  12  3  D
 2.209014540  3  11  3  D
 2.241728685  3  10  3  D
 2.288227180  3  9  3  D
 2.318435614  3  8  3  D
 2.364069354  3  7  3  D
 2.415003384  3  6  3  D
 2.447595673  3  5  3  D
 2.462892340  3  4  3  D
 2.483303747  3  3  3  D
 2.511184753  3  2  3  D
 2.535271197  3  1  3  D
 0.000000000  4  4  4  E
 0.062278019  4  4  5  E
 0.108138659  4  4  6  E
 0.154153244  4  4  7  E
 0.194796715  4  4  8  E
 0.244988698  4  4  9  E
 0.295608388  4  4  10  E
 0.326087502  4  4  11  E
 0.339171398  4  4  12  E
 0.360342998  4  4  13  E
 0.377333379  4  4  14  E
 0.425210478  4  4  0  E
 0.452874740  4  4  1  E
 0.475097398  4  4  2  E
 0.512966580  4  4  3  E
 0.562305263  4  4  4  E
 0.586368684  4  4  5  E
 0.631359312  4  4  6  E
 0.642944069  4  4  7  E
 0.678178424  4  4  8  E
 0.728273433  4  4  9  E
 0.772578740  4  4  10  E
 0.815066128  4  4  11  E
 0.865677939  4  4  12  E
 0.896002207  4  4  13  E
 0.944009884  4  4  14  E
 0.967106969  4  4  0  E
 0.989987913  4  4  1  E
 1.013692254  4  4  2  E
 1.044002889  4  4  3  E
 1.099401650  4  4  4  E
 1.121057161  4  4  5  E
 1.145323986  4  4  6  E
 1.191253654  4  4  7  E
 1.220722310  4  4  8  E
 1.264817454  4  4  9  E
 1.312498138  4  4  10  E
 1.355079057  4  4  11  E
 1.371874432  4  4  12  E
 1.385926173  4  4  13  E
 1.422801451  4  4  14  E
 1.467186580  4  4  0  E
 1.488111708  4  4  1  E
 1.508972791  4  4  2  E
 1.538787545  4  4  3  E
 1.582262771  4  4  4  E
 1.607459736  4  4  5  E
 1.655486432  4  4  6  E
 1.687533526  4  4  7  E
 1.718033251  4  4  8  E
 1.754961893  4  4  9  E
 1.795939850  4  4  10  E
 1.814130581  4  4  11  E
 1.825942341  4  4  12  E
 1.871777836  4  4  13  E
 1.890801438  4  4  14  E
 1.937091269  4  4  0  E
 1.956116694  4  4  1  E
 1.996857361  4  4  2  E
 2.020232865  4  4  3  E
 2.059260168  4  4  4  E
 2.076057377  4  4  5  E
 2.099196885  4  4  6  E
 2.116953245  4  4  7  E
 2.139924439  4  4  8  E
 2.177249521  4  4  9  E
 2.223968127  4  4  10  E
 2.270129249  4  4  11  E
 2.286143879  4  4  12  E
 2.313707590  4  4  13  E
 2.332886852  4  4  14  E
 2.363989220  4  4  0  E
 2.388105672  4  4  1  E
 2.425746407  4  4  2  E
 2.466303177  4  4  3  E
 2.511409323  4  4  4  E
 2.537972620  4  4  5  E
 2.567270334  4  4  6  E
 2.590347178  4  4  7  E
 2.619391711  4  4  8  E
 2.633191094  4  4  9  E
 2.681685333  4  4  10  E
 2.729998706  4  4  11  E
 2.758164617  4  4  12  E
 2.777800642  4  4  13  E
 2.793320450  4  4  14  E
 2.809963761  4  4  0  E
 2.852218432  4  4  1  E
 2.900780249  4  4  2  E
 2.921013299  4  4  3  E
 2.937039029  4  4  4  E
 2.977305930  4  4  5  E
 3.006445223  4  4  6  E
 3.040146620  4  4  7  E
 3.073853298  4  4  8  E
 3.086488432  4  4  9  E
 3.137280496  4  4  10  E
 3.188825638  4  4  11  E
 3.216554973  4  4  12  E
