-1 15 15 15
0.000000 14 1 7 O
0.001567 14 1 8 O
0.017680 14 1 8 o
0.000000 9 2 6 J
0.001566 9 2 7 J
0.036505 9 2 7 j
0.000000 13 2 7 N
0.001567 13 1 7 N
0.036502 13 1 7 n
0.000000 0 9 5 A
0.001563 0 8 5 A
0.050114 0 7 5 A
0.076404 0 7 5 a
0.000000 4 7 6 E
0.001564 4 7 5 E
0.039200 4 7 6 E
0.076401 4 7 6 e
0.000000 11 8 12 L
0.001566 11 7 12 L
0.019235 11 6 12 L
0.065992 11 7 12 L
0.089464 11 7 13 L
0.116271 11 8 13 L
0.132917 11 8 13 l
0.000000 5 8 13 F
0.001564 5 8 12 F
0.019237 5 8 11 F
0.053047 5 9 11 F
0.079535 5 9 12 F
0.125121 5 9 13 F
0.167134 5 9 13 f
0.000000 1 11 4 B
0.001563 1 11 3 B
0.031216 1 12 3 B
0.047311 1 11 3 B
0.069111 1 11 2 B
0.103353 1 11 1 B
0.125127 1 11 0 B
0.141009 1 11 14 B
0.180268 1 11 0 B
0.196195 1 11 1 B
0.214160 1 11 0 B
0.233528 1 10 0 B
0.266133 1 10 14 B
0.282823 1 9 14 B
0.329431 1 8 14 B
0.365175 1 8 14 b
0.000000 2 5 10 C
0.001564 2 5 9 C
0.048977 2 4 9 C
0.089461 2 5 9 C
0.117863 2 5 8 C
0.157298 2 5 7 C
0.205511 2 4 7 C
0.219630 2 4 6 C
0.238182 2 4 7 C
0.254232 2 4 6 C
0.302410 2 4 5 C
0.366711 2 3 5 C
0.403026 2 3 6 C
0.416183 2 3 7 C
0.463749 2 3 8 C
0.480004 2 2 8 C
0.500153 2 2 8 c
0.000000 3 8 4 D
0.001564 3 7 4 D
0.022945 3 7 3 D
0.050021 3 8 3 D
0.089346 3 8 2 D
0.125124 3 7 2 D
0.161449 3 7 1 D
0.207083 3 6 1 D
0.245927 3 6 2 D
0.282686 3 6 3 D
0.298939 3 7 3 D
0.314025 3 7 2 D
0.346186 3 7 1 D
0.383975 3 6 1 D
0.432116 3 5 1 D
0.496543 3 5 2 D
0.519989 3 5 1 D
0.556657 3 5 2 D
0.586726 3 5 3 D
0.619359 3 6 3 D
0.644296 3 6 2 D
0.679940 3 6 3 D
0.728238 3 6 2 D
0.767579 3 6 3 D
0.796099 3 7 3 D
0.824117 3 7 2 D
0.856375 3 6 2 D
0.901046 3 5 2 D
0.917264 3 6 2 D
0.958190 3 6 3 D
0.970187 3 6 4 D
0.990226 3 6 5 D
0.000000 6 3 2 G
0.001565 6 3 1 G
0.016079 6 3 2 G
0.063056 6 2 2 G
0.111223 6 2 1 G
0.127170 6 3 1 G
0.167276 6 3 2 G
0.180160 6 4 2 G
0.201005 6 4 1 G
0.238278 6 5 1 G
0.277555 6 6 1 G
0.304988 6 6 0 G
0.335043 6 6 14 G
0.366798 6 6 0 G
0.387049 6 5 0 G
0.419179 6 5 1 G
0.459243 6 5 0 G
0.496539 6 4 0 G
0.526120 6 4 1 G
0.558043 6 3 1 G
0.604511 6 3 2 G
0.619362 6 4 2 G
0.654573 6 4 3 G
0.687321 6 3 3 G
0.699668 6 3 3 g
0.000000 10 6 9 K
0.001566 10 6 10 K
0.022956 10 7 10 K
0.064095 10 7 9 K
0.105537 10 7 8 K
0.137215 10 7 9 K
0.169319 10 6 9 K
0.186066 10 5 9 K
0.216050 10 5 8 K
0.247996 10 6 8 K
0.272012 10 6 9 K
0.288963 10 5 9 K
0.338219 10 5 10 K
0.355413 10 4 10 K
0.369331 10 4 9 K
0.419182 10 5 9 K
0.432119 10 5 10 K
0.459265 10 5 11 K
0.509499 10 6 11 K
0.544937 10 5 11 K
0.586965 10 4 11 K
0.624992 10 4 12 K
0.683033 10 4 12 k
0.000000 12 3 13 M
0.001567 12 3 12 M
0.032740 12 4 12 M
0.048892 12 5 12 M
0.083667 12 6 12 M
0.103350 12 7 12 M
0.139133 12 7 11 M
0.183203 12 6 11 M
0.222628 12 6 12 M
0.236125 12 5 12 M
0.266193 12 5 13 M
0.316105 12 5 12 M
0.352310 12 5 13 M
0.389020 12 4 13 M
0.417618 12 5 13 M
0.453377 12 5 12 M
0.478523 12 6 12 M
0.495091 12 5 12 M
0.544832 12 4 12 M
0.595099 12 4 13 M
0.608023 12 4 12 M
0.650403 12 4 13 M
0.683031 12 4 13 m
0.000000 8 6 4 I
0.001566 8 6 3 I
0.045344 8 5 3 I
0.095112 8 4 3 I
0.113253 8 4 2 I
0.155712 8 5 2 I
0.169317 8 5 1 I
0.184775 8 5 2 I
0.208649 8 5 3 I
0.238185 8 5 4 I
0.273928 8 5 5 I
0.284261 8 4 5 I
0.327376 8 4 4 I
0.366709 8 5 4 I
0.392185 8 4 4 I
0.419370 8 4 3 I
0.445124 8 4 2 I
0.487224 8 4 1 I
0.507995 8 4 2 I
0.528691 8 4 3 I
0.543223 8 3 3 I
0.580993 8 4 3 I
0.623474 8 5 3 I
0.664025 8 4 3 I
0.713734 8 4 3 i
0.000000 7 5 8 H
0.001565 7 5 7 H
0.028353 7 5 6 H
0.070669 7 4 6 H
0.085726 7 3 6 H
0.097665 7 3 7 H
0.140720 7 3 6 H
0.181664 7 3 5 H
0.219546 7 3 4 H
0.239726 7 4 4 H
0.266130 7 3 4 H
0.305075 7 3 3 H
0.329428 7 2 3 H
0.362078 7 2 2 H
0.388988 7 2 3 H
0.427054 7 1 3 H
0.459134 7 1 2 H
0.508219 7 2 2 H
0.536479 7 2 3 H
0.565985 7 1 3 H
0.604303 7 1 2 H
0.626565 7 1 3 H
0.672828 7 2 3 H
0.706432 7 2 4 H
0.728109 7 2 3 H
0.744740 7 1 3 H
0.791460 7 0 3 H
0.807436 7 1 3 H
0.836495 7 1 4 H
0.866325 7 2 4 H
0.902630 7 2 3 H
0.917403 7 2 4 H
0.963036 7 2 5 H
1.008459 7 3 5 H
1.023670 7 3 4 H
1.074188 7 3 4 h
