-1 15 15 15
0.000000 5 6 6 F
0.001424 5 5 6 F
0.050328 5 5 7 F
0.076390 5 6 7 F
0.095028 5 5 7 F
0.115438 5 6 7 F
0.151239 5 7 7 F
0.198975 5 6 7 F
0.232811 5 6 8 F
0.265468 5 6 9 F
0.289023 5 6 9 f
0.000000 1 4 10 B
0.001423 1 4 9 B
0.040784 1 5 9 B
0.070086 1 5 8 B
0.107495 1 5 9 B
0.148002 1 5 8 B
0.198986 1 4 8 B
0.248979 1 5 8 B
0.283617 1 6 8 B
0.318990 1 6 8 b
0.000000 10 10 3 K
0.001425 10 10 2 K
0.027311 10 10 3 K
0.050184 10 10 2 K
0.070083 10 10 1 K
0.108589 10 11 1 K
0.155232 10 11 0 K
0.194246 10 10 0 K
0.208356 10 11 0 K
0.241294 10 11 14 K
0.281189 10 11 0 K
0.293488 10 11 14 K
0.342229 10 10 14 K
0.353664 10 9 14 K
0.396239 10 8 14 K
0.409714 10 9 14 K
0.422565 10 8 14 K
0.451595 10 7 14 K
0.484044 10 7 13 K
0.501498 10 6 13 K
0.515109 10 6 14 K
0.526455 10 6 0 K
0.565012 10 5 0 K
0.581972 10 5 1 K
0.607753 10 5 2 K
0.638953 10 5 1 K
0.000000 0 8 5 A
0.001422 0 7 5 A
0.035552 0 7 4 A
0.054014 0 6 4 A
0.080549 0 7 4 A
0.116824 0 7 5 A
0.162632 0 7 6 A
0.192022 0 7 5 A
0.235465 0 7 6 A
0.282202 0 7 5 A
0.298301 0 7 4 A
0.370214 0 8 4 A
0.409710 0 7 4 A
0.456458 0 7 3 A
0.487005 0 7 2 A
0.520678 0 7 3 A
0.541452 0 8 3 A
0.576236 0 8 2 A
0.606386 0 8 1 A
0.640455 0 9 1 A
0.687175 0 8 1 A
0.714224 0 9 1 A
0.753500 0 9 0 A
0.773335 0 10 0 A
0.795093 0 10 14 A
0.000000 4 1 3 E
0.001423 4 2 3 E
0.032932 4 1 3 E
0.047520 4 0 3 E
0.078078 4 14 3 E
0.113236 4 14 2 E
0.134463 4 14 1 E
0.147979 4 0 1 E
0.162541 4 14 1 E
0.189502 4 0 1 E
0.216575 4 1 1 E
0.246341 4 1 2 E
0.262341 4 2 2 E
0.304428 4 1 2 E
0.338441 4 1 3 E
0.378527 4 0 3 E
0.425277 4 0 2 E
0.475089 4 1 2 E
0.489593 4 1 1 E
0.504111 4 2 1 E
0.539389 4 2 1 e
0.000000 9 14 14 J
0.001425 9 14 0 J
0.025981 9 14 14 J
0.060248 9 0 14 J
0.073736 9 14 14 J
0.102810 9 0 14 J
0.133043 9 1 14 J
0.181950 9 1 13 J
0.220963 9 1 14 J
0.241296 9 0 14 J
0.253041 9 1 14 J
0.301000 9 1 0 J
0.311633 9 2 0 J
0.349558 9 2 14 J
0.395085 9 2 13 J
0.414830 9 2 14 J
0.459104 9 1 14 J
0.495021 9 2 14 J
0.544535 9 2 0 J
0.562675 9 2 0 j
0.000000 6 8 11 G
0.001424 6 8 10 G
0.035549 6 9 10 G
0.066463 6 8 10 G
0.107590 6 9 10 G
0.141748 6 8 10 G
0.155309 6 9 10 G
0.202123 6 8 10 G
0.243675 6 7 10 G
0.273293 6 8 10 G
0.296143 6 9 10 G
0.309552 6 8 10 G
0.343334 6 7 10 G
0.372384 6 7 11 G
0.420015 6 7 10 G
0.468041 6 7 11 G
0.491119 6 7 12 G
0.534215 6 7 11 G
0.581969 6 7 10 G
0.602171 6 7 9 G
0.629546 6 7 9 g
0.000000 8 5 7 I
0.001424 8 5 6 I
0.025938 8 5 5 I
0.037128 8 5 4 I
0.077975 8 6 4 I
0.123115 8 7 4 I
0.162635 8 8 4 I
0.208405 8 8 5 I
0.241276 8 8 4 I
0.307091 8 7 4 I
0.331305 8 6 4 I
0.370211 8 7 4 I
0.414952 8 7 5 I
0.439245 8 7 6 I
0.485421 8 7 5 I
0.507221 8 6 5 I
0.533133 8 6 6 I
0.562679 8 7 6 I
0.601022 8 6 6 I
0.645307 8 6 7 I
0.691809 8 6 7 i
0.000000 13 7 2 N
0.001425 13 8 2 N
0.043675 13 9 2 N
0.072644 13 8 2 N
0.115540 13 8 3 N
0.127367 13 8 4 N
0.156804 13 8 5 N
0.174456 13 9 5 N
0.213442 13 9 4 N
0.224500 13 8 4 N
0.259736 13 7 4 N
0.307085 13 6 4 N
0.331303 13 5 4 N
0.366034 13 5 3 N
0.408545 13 5 4 N
0.437113 13 5 3 N
0.451599 13 6 3 N
0.495024 13 6 4 N
0.537278 13 5 4 N
0.554953 13 4 4 N
0.584426 13 4 3 N
0.622777 13 3 3 N
0.662423 13 4 3 N
0.676087 13 5 3 N
0.687351 13 5 2 N
0.705049 13 6 2 N
0.723050 13 5 2 N
0.735980 13 6 2 N
0.781002 13 6 1 N
0.821029 13 6 1 n
0.000000 7 7 8 H
0.001424 7 7 9 H
0.025979 7 7 10 H
0.041037 7 7 9 H
0.054018 7 6 9 H
0.098325 7 7 9 H
0.113232 7 8 9 H
0.131944 7 7 9 H
0.177544 7 7 8 H
0.198982 7 8 8 H
0.213439 7 8 7 H
0.257164 7 8 6 H
0.305989 7 9 6 H
0.351033 7 10 6 H
0.399004 7 9 6 H
0.425185 7 9 7 H
0.446514 7 8 7 H
0.495998 7 8 8 H
0.546310 7 7 8 H
0.571022 7 7 9 H
0.615518 7 8 9 H
0.629543 7 8 10 H
0.652411 7 7 10 H
0.669089 7 8 10 H
0.695069 7 7 10 H
0.711496 7 6 10 H
0.744685 7 7 10 H
0.777863 7 8 10 H
0.800598 7 9 10 H
0.843781 7 9 11 H
0.860827 7 10 11 H
0.895061 7 11 11 H
0.923231 7 12 11 H
0.956480 7 12 12 H
0.979235 7 13 12 H
1.019212 7 14 12 H
1.047175 7 14 13 H
1.076481 7 14 14 H
1.114644 7 13 14 H
1.162019 7 13 0 H
1.204982 7 13 14 H
0.000000 3 4 12 D
0.001423 3 3 12 D
0.023085 3 3 11 D
0.072759 3 2 11 D
0.097201 3 2 12 D
0.129549 3 2 13 D
0.153670 3 2 14 D
0.191562 3 2 0 D
0.209756 3 2 1 D
0.251449 3 1 1 D
0.282198 3 1 0 D
0.349560 3 1 14 D
0.362126 3 1 0 D
0.388393 3 2 0 D
0.409707 3 2 1 D
0.429830 3 2 0 D
0.445021 3 2 1 D
0.475072 3 2 2 D
0.487098 3 2 3 D
0.527992 3 1 3 D
0.573570 3 1 4 D
0.615515 3 1 3 D
0.627970 3 0 3 D
0.661308 3 1 3 D
0.700590 3 1 2 D
0.715687 3 0 2 D
0.730746 3 0 1 D
0.743278 3 14 1 D
0.789278 3 14 2 D
0.833446 3 13 2 D
0.854571 3 14 2 D
0.890368 3 0 2 D
0.902050 3 0 3 D
0.938669 3 0 4 D
0.953206 3 14 4 D
0.979149 3 13 4 D
1.024545 3 13 3 D
1.060674 3 12 3 D
1.088704 3 13 3 D
1.119960 3 13 2 D
1.148939 3 14 2 D
1.195137 3 0 2 D
1.244054 3 1 2 D
1.285427 3 1 1 D
1.303544 3 1 0 D
1.336517 3 0 0 D
1.347662 3 1 0 D
1.394811 3 1 0 d
0.000000 12 9 5 M
0.001425 12 9 4 M
0.043678 12 9 5 M
0.078197 12 8 5 M
0.123097 12 8 6 M
0.169847 12 8 5 M
0.215046 12 9 5 M
0.241274 12 9 6 M
0.253039 12 9 7 M
0.274790 12 9 6 M
0.300792 12 9 7 M
0.351030 12 9 8 M
0.364474 12 8 8 M
0.409712 12 8 9 M
0.429833 12 8 8 M
0.456486 12 8 9 M
0.494777 12 9 9 M
0.516541 12 8 9 M
0.558011 12 8 8 M
0.607756 12 8 7 M
0.652408 12 9 7 M
0.685132 12 9 8 M
0.711714 12 9 7 M
0.747267 12 9 6 M
0.779412 12 9 7 M
0.815619 12 10 7 M
0.863060 12 11 7 M
0.876066 12 11 8 M
0.899172 12 11 9 M
0.911242 12 12 9 M
0.949033 12 12 8 M
0.966713 12 13 8 M
1.014020 12 13 7 M
1.043480 12 13 8 M
1.075217 12 13 7 M
1.089825 12 13 6 M
1.136067 12 12 6 M
1.155078 12 13 6 M
1.200222 12 13 5 M
1.235631 12 12 5 M
1.279200 12 12 6 M
1.327400 12 12 5 M
1.351276 12 11 5 M
1.364760 12 12 5 M
1.380984 12 12 6 M
1.404129 12 12 7 M
1.446604 12 11 7 M
1.480183 12 12 7 M
1.521338 12 13 7 M
1.571397 12 14 7 M
1.621230 12 14 8 M
1.654488 12 13 8 M
1.697493 12 13 7 M
1.723364 12 13 8 M
1.757625 12 12 8 M
1.781264 12 12 7 M
1.808113 12 11 7 M
1.851155 12 11 8 M
1.868290 12 11 9 M
1.889126 12 11 10 M
1.919038 12 11 11 M
1.955796 12 10 11 M
1.972957 12 11 11 M
1.990561 12 11 12 M
2.039808 12 11 13 M
2.088030 12 10 13 M
2.106551 12 9 13 M
0.000000 11 13 12 L
0.001425 11 14 12 L
0.031541 11 14 11 L
0.064793 11 13 11 L
0.097196 11 13 10 L
0.136265 11 13 9 L
0.184312 11 14 9 L
0.232989 11 0 9 L
0.263996 11 1 9 L
0.278406 11 2 9 L
0.322476 11 2 10 L
0.367563 11 2 9 L
0.395087 11 1 9 L
0.411161 11 1 8 L
0.429938 11 1 9 L
0.469955 11 0 9 L
0.520681 11 14 9 L
0.537369 11 14 8 L
0.577319 11 14 7 L
0.626441 11 14 6 L
0.638957 11 14 5 L
0.671256 11 13 5 L
0.718982 11 14 5 L
0.760760 11 0 5 L
0.807021 11 1 5 L
0.847939 11 1 4 L
0.893058 11 2 4 L
0.909648 11 2 5 L
0.940265 11 2 4 L
0.957836 11 2 5 L
0.994237 11 1 5 L
1.032154 11 1 6 L
1.070565 11 1 7 L
1.091299 11 1 6 L
1.118393 11 1 5 L
1.133389 11 1 6 L
1.175377 11 0 6 L
1.204986 11 14 6 L
1.235486 11 14 7 L
1.276592 11 14 8 L
1.325926 11 13 8 L
1.374194 11 13 7 L
1.405383 11 13 8 L
1.416564 11 13 7 L
1.437429 11 14 7 L
1.480086 11 0 7 L
1.521432 11 14 7 L
1.545830 11 14 6 L
1.572957 11 13 6 L
1.598976 11 13 5 L
1.621233 11 13 6 L
1.669202 11 12 6 L
1.715178 11 12 5 L
1.731098 11 12 4 L
1.773381 11 11 4 L
1.815411 11 11 5 L
1.862066 11 10 5 L
1.879626 11 10 6 L
1.910799 11 10 5 L
1.923720 11 11 5 L
1.947092 11 10 5 L
1.966298 11 10 6 L
1.994773 11 11 6 L
2.033064 11 12 6 L
2.083305 11 12 7 L
2.116117 11 13 7 L
2.166665 11 13 8 L
2.215765 11 12 8 L
2.227220 11 12 7 L
2.268372 11 12 6 L
2.285170 11 12 7 L
2.329102 11 12 8 L
2.373231 11 11 8 L
2.413481 11 10 8 L
2.450247 11 10 7 L
2.469067 11 11 7 L
2.503744 11 12 7 L
2.552369 11 11 7 L
2.580095 11 11 6 L
0.000000 2 0 11 C
0.001423 2 0 12 C
0.039208 2 14 12 C
0.080448 2 13 12 C
0.107492 2 13 11 C
0.142020 2 13 10 C
0.187919 2 12 10 C
0.236973 2 12 11 C
0.268592 2 13 11 C
0.318969 2 12 11 C
0.329765 2 11 11 C
0.344806 2 11 12 C
0.380043 2 10 12 C
0.395082 2 10 13 C
0.421197 2 11 13 C
0.463183 2 12 13 C
0.502609 2 11 13 C
0.552077 2 10 13 C
0.581976 2 10 14 C
0.625062 2 9 14 C
0.669085 2 9 0 C
0.688710 2 9 1 C
0.718804 2 9 0 C
0.753497 2 8 0 C
0.772191 2 9 0 C
0.795095 2 8 0 C
0.824019 2 9 0 C
0.849371 2 10 0 C
0.874971 2 9 0 C
0.915941 2 9 14 C
0.958967 2 8 14 C
0.974964 2 8 13 C
1.007622 2 7 13 C
1.040954 2 7 12 C
1.076351 2 8 12 C
1.104996 2 8 11 C
1.151977 2 8 10 C
1.173765 2 8 9 C
1.205087 2 9 9 C
1.228207 2 10 9 C
1.242031 2 10 8 C
1.270418 2 10 7 C
1.316069 2 11 7 C
1.332026 2 12 7 C
1.352805 2 11 7 C
1.390630 2 11 6 C
1.407772 2 11 7 C
1.456108 2 11 6 C
1.480180 2 10 6 C
1.521334 2 11 6 C
1.543747 2 10 6 C
1.578995 2 10 7 C
1.602024 2 10 8 C
1.636296 2 10 9 C
1.658173 2 9 9 C
1.690837 2 9 8 C
1.737314 2 8 8 C
1.767567 2 8 9 C
1.785047 2 8 10 C
1.799382 2 7 10 C
1.811452 2 6 10 C
1.847558 2 5 10 C
1.878157 2 4 10 C
1.912309 2 4 11 C
1.956028 2 4 10 C
1.988995 2 4 11 C
2.006636 2 3 11 C
2.019694 2 3 10 C
2.044519 2 2 10 C
2.087993 2 3 10 C
2.115960 2 2 10 C
2.134569 2 3 10 C
2.172910 2 3 11 C
2.202845 2 3 12 C
2.241133 2 3 11 C
2.288460 2 3 12 C
2.316188 2 4 12 C
2.338364 2 4 13 C
2.368922 2 3 13 C
2.418141 2 3 14 C
2.440448 2 3 13 C
2.452266 2 4 13 C
2.484430 2 4 12 C
2.530178 2 4 13 C
2.570488 2 5 13 C
2.596444 2 5 12 C
2.636314 2 5 11 C
2.654093 2 4 11 C
0.000000 14 1 13 O
0.001425 14 2 13 O
0.025719 14 3 13 O
0.059169 14 3 12 O
0.097199 14 3 11 O
0.121499 14 2 11 O
0.151148 14 1 11 O
0.174502 14 2 11 O
0.205179 14 3 11 O
0.235569 14 3 12 O
0.281119 14 4 12 O
0.326409 14 5 12 O
0.349485 14 4 12 O
0.362033 14 4 13 O
0.378524 14 5 13 O
0.421129 14 4 13 O
0.434087 14 5 13 O
0.445018 14 5 14 O
0.478672 14 5 0 O
0.508757 14 5 14 O
0.554950 14 5 13 O
0.569930 14 4 13 O
0.596935 14 4 12 O
0.609336 14 4 11 O
0.635277 14 3 11 O
0.679018 14 2 11 O
0.703335 14 2 10 O
0.738978 14 2 11 O
0.760757 14 2 12 O
0.806941 14 2 11 O
0.833526 14 2 10 O
0.882052 14 3 10 O
0.903883 14 2 10 O
0.934127 14 1 10 O
0.975057 14 1 9 O
1.015436 14 2 9 O
1.053410 14 2 8 O
1.083002 14 2 9 O
1.099596 14 2 10 O
1.119813 14 2 11 O
1.136071 14 2 12 O
1.180530 14 3 12 O
1.217361 14 3 11 O
1.261047 14 2 11 O
1.289555 14 2 10 O
1.336212 14 2 11 O
1.354333 14 2 12 O
1.373109 14 1 12 O
1.401050 14 1 13 O
1.443458 14 2 13 O
1.489992 14 2 12 O
1.531336 14 2 11 O
1.550101 14 2 12 O
1.567944 14 3 12 O
1.596345 14 3 13 O
1.624396 14 3 14 O
1.661273 14 4 14 O
1.694514 14 4 0 O
1.718275 14 3 0 O
1.751923 14 3 14 O
1.781157 14 3 13 O
1.813853 14 3 12 O
1.837924 14 4 12 O
1.860517 14 4 11 O
1.881771 14 4 12 O
1.928404 14 3 12 O
1.957444 14 4 12 O
2.005115 14 4 11 O
2.031651 14 3 11 O
2.079597 14 2 11 O
2.128371 14 3 11 O
2.168213 14 2 11 O
2.201286 14 3 11 O
2.241136 14 3 10 O
2.263622 14 2 10 O
2.298002 14 2 9 O
2.316547 14 2 10 O
2.349277 14 3 10 O
2.390339 14 3 11 O
2.409886 14 3 12 O
2.459117 14 3 11 O
2.496403 14 3 12 O
2.537194 14 3 11 O
2.566834 14 4 11 O
2.594258 14 3 11 O
2.634313 14 3 10 O
2.647702 14 4 10 O
2.662355 14 4 9 O
2.699074 14 4 10 O
2.731754 14 3 10 O
