-1 15 15 15
0.000000 12 10 13 M
0.001187 12 10 14 M
0.082586 12 10 13 M
0.105307 12 10 13 m
0.000000 6 10 14 G
0.001185 6 10 0 G
0.017910 6 10 14 G
0.036678 6 11 14 G
0.082583 6 11 13 G
0.109121 6 11 13 g
0.000000 3 10 1 D
0.001185 3 9 1 D
0.023531 3 8 1 D
0.051837 3 8 0 D
0.088146 3 8 14 D
0.116704 3 9 14 D
0.143663 3 8 14 D
0.177557 3 9 14 D
0.223842 3 9 13 D
0.266617 3 8 13 D
0.282571 3 8 14 D
0.314887 3 8 0 D
0.347451 3 8 14 D
0.384297 3 9 14 D
0.410154 3 8 14 D
0.428818 3 7 14 D
0.444069 3 6 14 D
0.464726 3 6 0 D
0.000000 9 13 4 J
0.001186 9 12 4 J
0.046536 9 12 5 J
0.063759 9 13 5 J
0.097983 9 13 4 J
0.134858 9 12 4 J
0.164000 9 12 3 J
0.205121 9 11 3 J
0.234808 9 12 3 J
0.257714 9 12 4 J
0.270717 9 12 3 J
0.290810 9 12 2 J
0.309523 9 12 1 J
0.354227 9 11 1 J
0.379644 9 11 2 J
0.399846 9 10 2 J
0.415866 9 11 2 J
0.435021 9 10 2 J
0.459043 9 9 2 J
0.492771 9 10 2 J
0.542672 9 10 1 J
0.590333 9 11 1 J
0.622975 9 11 2 J
0.643822 9 11 1 J
0.670857 9 11 2 J
0.701307 9 11 1 J
0.000000 14 5 6 O
0.001187 14 6 6 O
0.049458 14 6 5 O
0.090233 14 5 5 O
0.128655 14 6 5 O
0.161942 14 7 5 O
0.187543 14 7 4 O
0.206709 14 6 4 O
0.225417 14 7 4 O
0.243706 14 8 4 O
0.275274 14 7 4 O
0.293648 14 6 4 O
0.326750 14 7 4 O
0.374701 14 8 4 O
0.390591 14 8 5 O
0.426753 14 7 5 O
0.448142 14 7 5 o
0.000000 11 1 7 L
0.001187 11 1 6 L
0.014583 11 1 7 L
0.046580 11 1 6 L
0.073123 11 1 5 L
0.099562 11 0 5 L
0.133350 11 0 4 L
0.160372 11 14 4 L
0.184806 11 13 4 L
0.209868 11 14 4 L
0.248803 11 13 4 L
0.299793 11 12 4 L
0.328305 11 12 3 L
0.378552 11 12 4 L
0.395334 11 12 3 L
0.420842 11 12 2 L
0.432485 11 13 2 L
0.445498 11 14 2 L
0.474104 11 0 2 L
0.492687 11 0 1 L
0.541060 11 0 0 L
0.553529 11 0 14 L
0.593666 11 0 13 L
0.631255 11 0 12 L
0.669662 11 1 12 L
0.709625 11 1 11 L
0.743794 11 2 11 L
0.000000 4 7 14 E
0.001185 4 8 14 E
0.014188 4 7 14 E
0.032425 4 7 0 E
0.075430 4 7 14 E
0.099565 4 7 0 E
0.125129 4 7 1 E
0.174046 4 7 2 E
0.214749 4 6 2 E
0.234953 4 6 3 E
0.253967 4 7 3 E
0.276802 4 6 3 E
0.321038 4 6 2 E
0.357327 4 7 2 E
0.398244 4 7 3 E
0.417426 4 7 4 E
0.455362 4 7 4 e
0.000000 13 10 4 N
0.001187 13 10 3 N
0.049446 13 10 4 N
0.086673 13 9 4 N
0.111592 13 8 4 N
0.151010 13 8 5 N
0.164089 13 7 5 N
0.208268 13 8 5 N
0.259166 13 8 6 N
0.279947 13 9 6 N
0.299718 13 8 6 N
0.314790 13 8 7 N
0.352673 13 8 6 N
0.376985 13 9 6 N
0.390691 13 8 6 N
0.440265 13 9 6 N
0.452344 13 10 6 N
0.463143 13 9 6 N
0.492773 13 8 6 N
0.511967 13 8 7 N
0.541064 13 8 6 N
0.560252 13 9 6 N
0.574146 13 9 5 N
0.613676 13 9 6 N
0.641733 13 9 5 N
0.688338 13 10 5 N
0.722095 13 11 5 N
0.765504 13 10 5 N
0.779660 13 9 5 N
0.000000 10 2 0 K
0.001186 10 1 0 K
0.017920 10 1 1 K
0.038122 10 0 1 K
0.116786 10 14 1 K
0.130700 10 14 2 K
0.175463 10 13 2 K
0.200338 10 13 3 K
0.212583 10 14 3 K
0.227517 10 14 2 K
0.273701 10 14 1 K
0.303788 10 13 1 K
0.317987 10 14 1 K
0.341219 10 0 1 K
0.381155 10 14 1 K
0.414295 10 13 1 K
0.451194 10 13 2 K
0.474106 10 14 2 K
0.505138 10 0 2 K
0.553531 10 0 3 K
0.588799 10 14 3 K
0.621400 10 14 2 K
0.643713 10 13 2 K
0.658913 10 13 2 k
0.000000 8 13 5 I
0.001186 8 12 5 I
0.029698 8 12 6 I
0.063757 8 12 7 I
0.103810 8 13 7 I
0.154578 8 13 6 I
0.193260 8 12 6 I
0.223901 8 12 7 I
0.243769 8 12 8 I
0.292377 8 13 8 I
0.328233 8 14 8 I
0.366648 8 14 7 I
0.406074 8 13 7 I
0.419624 8 13 6 I
0.453844 8 13 7 I
0.495801 8 13 6 I
0.545531 8 13 5 I
0.561314 8 14 5 I
0.577623 8 14 4 I
0.601206 8 14 3 I
0.643715 8 14 2 I
0.661625 8 14 2 i
0.000000 5 8 4 F
0.001185 5 9 4 F
0.015840 5 9 3 F
0.040567 5 9 2 F
0.086601 5 9 1 F
0.114705 5 10 1 F
0.128652 5 9 1 F
0.169714 5 8 1 F
0.193104 5 8 0 F
0.221873 5 9 0 F
0.259163 5 9 14 F
0.283700 5 9 13 F
0.321174 5 8 13 F
0.358758 5 7 13 F
0.407587 5 8 13 F
0.430857 5 8 12 F
0.467589 5 8 13 F
0.508275 5 8 14 F
0.545331 5 9 14 F
0.588879 5 8 14 F
0.631327 5 9 14 F
0.678035 5 10 14 F
0.722159 5 10 0 F
0.733545 5 10 14 F
0.774604 5 10 14 f
0.000000 1 2 10 B
0.001184 1 2 9 B
0.012103 1 2 10 B
0.029582 1 1 10 B
0.068049 1 1 9 B
0.082543 1 1 10 B
0.099567 1 1 11 B
0.118234 1 2 11 B
0.133290 1 3 11 B
0.146230 1 2 11 B
0.169810 1 3 11 B
0.188636 1 2 11 B
0.237385 1 2 10 B
0.262857 1 1 10 B
0.309526 1 2 10 B
0.331656 1 2 9 B
0.370785 1 2 8 B
0.420717 1 2 9 B
0.441601 1 2 8 B
0.491096 1 3 8 B
0.511970 1 4 8 B
0.557831 1 4 9 B
0.577404 1 4 8 B
0.593597 1 3 8 B
0.616834 1 3 9 B
0.649446 1 3 10 B
0.679612 1 3 11 B
0.698198 1 4 11 B
0.727987 1 3 11 B
0.776893 1 3 10 B
0.810609 1 2 10 B
0.825830 1 2 10 b
0.000000 2 6 8 C
0.001185 2 6 9 C
0.029701 2 6 8 C
0.055109 2 6 9 C
0.077842 2 7 9 C
0.125345 2 6 9 C
0.172323 2 6 10 C
0.194737 2 6 11 C
0.225419 2 6 10 C
0.275277 2 5 10 C
0.310642 2 5 11 C
0.351084 2 5 10 C
0.388398 2 5 11 C
0.420779 2 5 10 C
0.451301 2 5 9 C
0.474030 2 6 9 C
0.513592 2 7 9 C
0.543850 2 8 9 C
0.567128 2 9 9 C
0.597070 2 9 10 C
0.615249 2 8 10 C
0.629719 2 9 10 C
0.643717 2 9 11 C
0.657740 2 9 12 C
0.690391 2 9 13 C
0.740859 2 9 12 C
0.783654 2 9 13 C
0.824165 2 9 14 C
0.875010 2 9 14 c
0.000000 0 9 4 A
0.001184 0 9 5 A
0.015837 0 8 5 A
0.034567 0 7 5 A
0.051815 0 7 4 A
0.064939 0 7 5 A
0.109057 0 8 5 A
0.125187 0 7 5 A
0.147805 0 7 6 A
0.183388 0 6 6 A
0.229586 0 6 5 A
0.252378 0 6 4 A
0.295481 0 5 4 A
0.306989 0 6 4 A
0.374705 0 6 5 A
0.407656 0 5 5 A
0.439163 0 4 5 A
0.487613 0 3 5 A
0.499436 0 3 4 A
0.530799 0 3 3 A
0.551970 0 4 3 A
0.580493 0 4 4 A
0.597145 0 4 5 A
0.637536 0 5 5 A
0.649525 0 6 5 A
0.673935 0 5 5 A
0.718458 0 5 6 A
0.767567 0 4 6 A
0.815870 0 4 5 A
0.861729 0 3 5 A
0.902551 0 2 5 A
0.922234 0 2 6 A
0.944064 0 2 5 A
0.962631 0 2 4 A
0.980265 0 2 5 A
1.028594 0 3 5 A
1.041867 0 4 5 A
1.054533 0 5 5 A
1.074211 0 5 4 A
1.103668 0 4 4 A
1.141068 0 5 4 A
1.188175 0 5 3 A
1.222627 0 5 2 A
1.272683 0 5 1 A
0.000000 7 0 1 H
0.001186 7 0 2 H
0.017913 7 0 3 H
0.036680 7 0 2 H
0.058684 7 0 1 H
0.069583 7 0 2 H
0.116784 7 0 3 H
0.137594 7 14 3 H
0.173949 7 14 2 H
0.200341 7 13 2 H
0.246184 7 13 3 H
0.288740 7 12 3 H
0.330272 7 13 3 H
0.378550 7 12 3 H
0.432488 7 13 3 H
0.463146 7 13 2 H
0.505141 7 13 3 H
0.539659 7 13 4 H
0.560350 7 13 3 H
0.595526 7 14 3 H
0.661628 7 0 3 H
0.695713 7 0 2 H
0.723719 7 0 1 H
0.740856 7 14 1 H
0.763598 7 14 0 H
0.810756 7 0 0 H
0.831577 7 0 14 H
0.869924 7 14 14 H
0.894341 7 14 13 H
0.911859 7 0 13 H
0.926336 7 1 13 H
0.956368 7 2 13 H
0.997209 7 1 13 H
1.022212 7 1 12 H
1.034774 7 1 11 H
1.052934 7 1 12 H
1.069637 7 2 12 H
1.087757 7 3 12 H
1.137402 7 4 12 H
1.150865 7 4 13 H
1.192287 7 4 14 H
1.227652 7 3 14 H
1.256786 7 3 0 H
1.281679 7 4 0 H
1.297567 7 4 1 H
1.324585 7 4 1 h
