-1 15 15 15
0.000000 1 3 6 B
0.000166 1 4 6 B
0.039829 1 4 7 B
0.050819 1 3 7 B
0.079274 1 3 8 B
0.113014 1 3 9 B
0.123818 1 2 9 B
0.160079 1 3 9 B
0.185158 1 2 9 B
0.224204 1 3 9 B
0.239104 1 3 8 B
0.283947 1 4 8 B
0.296421 1 3 8 B
0.000000 2 8 3 C
0.000166 2 8 2 C
0.027726 2 7 2 C
0.072078 2 7 3 C
0.094646 2 8 3 C
0.132226 2 9 3 C
0.150276 2 9 2 C
0.168582 2 9 3 C
0.191451 2 8 3 C
0.220840 2 8 4 C
0.270979 2 8 3 C
0.282588 2 8 4 C
0.329073 2 9 4 C
0.346092 2 10 4 C
0.379205 2 10 3 C
0.409294 2 11 3 C
0.436787 2 11 2 C
0.471586 2 10 2 C
0.520346 2 11 2 C
0.000000 13 3 12 N
0.000167 13 3 11 N
0.015531 13 3 12 N
0.027591 13 4 12 N
0.044673 13 4 13 N
0.075241 13 5 13 N
0.113194 13 4 13 N
0.132327 13 5 13 N
0.177147 13 6 13 N
0.214183 13 7 13 N
0.258675 13 6 13 N
0.296534 13 5 13 N
0.339951 13 4 13 N
0.354956 13 4 12 N
0.399586 13 4 11 N
0.438359 13 4 10 N
0.473089 13 5 10 N
0.502079 13 5 9 N
0.541984 13 6 9 N
0.562109 13 5 9 N
0.589735 13 5 10 N
0.626478 13 5 11 N
0.672075 13 6 11 N
0.697466 13 6 12 N
0.716641 13 6 11 N
0.000000 8 3 1 I
0.000166 8 3 2 I
0.014125 8 3 1 I
0.059571 8 3 0 I
0.091769 8 2 0 I
0.120196 8 3 0 I
0.167116 8 3 14 I
0.214174 8 2 14 I
0.250054 8 1 14 I
0.278361 8 2 14 I
0.314615 8 2 0 I
0.353110 8 3 0 I
0.364719 8 4 0 I
0.390192 8 4 1 I
0.434154 8 5 1 I
0.475690 8 6 1 I
0.487623 8 7 1 I
0.521778 8 7 0 I
0.565468 8 7 14 I
0.596519 8 8 14 I
0.634215 8 8 0 I
0.655982 8 7 0 I
0.700171 8 7 14 I
0.716589 8 7 13 I
0.741548 8 6 13 I
0.783333 8 5 13 I
0.819226 8 6 13 I
0.851294 8 7 13 I
0.886874 8 6 13 I
0.900509 8 7 13 I
0.912853 8 8 13 I
0.000000 14 4 0 O
0.000167 14 4 14 O
0.039826 14 4 0 O
0.075381 14 5 0 O
0.106746 14 5 1 O
0.144204 14 5 2 O
0.163522 14 6 2 O
0.209958 14 7 2 O
0.256135 14 7 3 O
0.285071 14 6 3 O
0.308356 14 6 2 O
0.356051 14 6 3 O
0.395415 14 7 3 O
0.427560 14 7 2 O
0.474207 14 6 2 O
0.516673 14 6 3 O
0.556061 14 5 3 O
0.592856 14 5 2 O
0.626479 14 5 3 O
0.653502 14 5 4 O
0.677236 14 6 4 O
0.713448 14 6 5 O
0.731572 14 6 4 O
0.750727 14 5 4 O
0.794264 14 4 4 O
0.806366 14 5 4 O
0.825315 14 6 4 O
0.851177 14 6 5 O
0.900510 14 6 4 O
0.931023 14 5 4 O
0.956446 14 4 4 O
0.996149 14 5 4 O
1.024606 14 5 3 O
1.061879 14 6 3 O
1.095217 14 5 3 O
1.123533 14 5 2 O
1.164484 14 5 1 O
1.196658 14 4 1 O
0.000000 10 7 5 K
0.000167 10 7 6 K
0.038647 10 7 5 K
0.069155 10 6 5 K
0.081374 10 7 5 K
0.097995 10 6 5 K
0.133911 10 6 4 K
0.179459 10 5 4 K
0.191344 10 5 5 K
0.239106 10 5 6 K
0.256104 10 5 5 K
0.283946 10 5 6 K
0.299507 10 4 6 K
0.344656 10 4 5 K
0.374117 10 4 6 K
0.389080 10 5 6 K
0.432646 10 4 6 K
0.446137 10 3 6 K
0.460082 10 4 6 K
0.500533 10 4 5 K
0.528211 10 3 5 K
0.544801 10 2 5 K
0.573701 10 3 5 K
0.624427 10 3 6 K
0.640134 10 3 7 K
0.678820 10 4 7 K
0.696083 10 5 7 K
0.743071 10 5 6 K
0.760575 10 5 5 K
0.794222 10 5 4 K
0.805169 10 5 3 K
0.826809 10 5 2 K
0.842438 10 5 1 K
0.865725 10 5 0 K
0.877151 10 6 0 K
0.919061 10 7 0 K
0.965115 10 8 0 K
0.977255 10 7 0 K
1.008073 10 7 14 K
1.045827 10 6 14 K
1.064503 10 7 14 K
1.080532 10 8 14 K
1.122468 10 7 14 K
1.139099 10 6 14 K
1.152099 10 6 13 K
1.180494 10 6 14 K
1.196779 10 5 14 K
1.239760 10 5 0 K
0.000000 12 9 7 M
0.000167 12 9 8 M
0.011529 12 9 7 M
0.044872 12 9 8 M
0.063717 12 9 9 M
0.093338 12 9 10 M
0.135281 12 8 10 M
0.171732 12 7 10 M
0.186675 12 7 9 M
0.234306 12 6 9 M
0.276220 12 5 9 M
0.304126 12 5 8 M
0.333678 12 5 7 M
0.363302 12 6 7 M
0.380307 12 6 8 M
0.423393 12 6 7 M
0.450766 12 7 7 M
0.489175 12 6 7 M
0.533318 12 6 6 M
0.570564 12 5 6 M
0.585197 12 5 7 M
0.613517 12 5 8 M
0.632186 12 4 8 M
0.665331 12 5 8 M
0.681383 12 4 8 M
0.702603 12 3 8 M
0.749217 12 3 7 M
0.765215 12 2 7 M
0.806281 12 2 8 M
0.842437 12 1 8 M
0.875499 12 1 7 M
0.901839 12 1 6 M
0.945481 12 1 5 M
0.963528 12 2 5 M
0.975920 12 2 6 M
1.020151 12 1 6 M
1.038197 12 2 6 M
1.072803 12 2 5 M
1.118421 12 3 5 M
1.163044 12 2 5 M
1.196537 12 2 4 M
1.244369 12 3 4 M
1.267342 12 4 4 M
1.281314 12 4 5 M
1.307239 12 3 5 M
1.357425 12 3 6 M
1.379170 12 3 5 M
1.411319 12 3 6 M
0.000000 6 7 6 G
0.000166 6 8 6 G
0.049282 6 8 5 G
0.099502 6 7 5 G
0.113193 6 7 4 G
0.137459 6 8 4 G
0.156194 6 7 4 G
0.175407 6 7 5 G
0.188260 6 7 6 G
0.224169 6 7 5 G
0.243602 6 8 5 G
0.291204 6 7 5 G
0.326148 6 8 5 G
0.370932 6 8 6 G
0.410820 6 9 6 G
0.423302 6 9 7 G
0.470295 6 9 6 G
0.516768 6 9 7 G
0.553233 6 9 8 G
0.580497 6 9 9 G
0.610133 6 9 10 G
0.653570 6 8 10 G
0.686148 6 7 10 G
0.704149 6 7 11 G
0.734184 6 8 11 G
0.754354 6 7 11 G
0.774065 6 7 12 G
0.822748 6 8 12 G
0.839833 6 7 12 G
0.888464 6 6 12 G
0.916462 6 6 11 G
0.951057 6 6 10 G
0.963525 6 6 9 G
1.009591 6 6 10 G
1.048463 6 7 10 G
1.077937 6 7 9 G
1.110568 6 7 10 G
1.152151 6 7 9 G
1.201270 6 7 8 G
1.218810 6 7 7 G
1.244368 6 7 6 G
1.291263 6 6 6 G
1.305154 6 5 6 G
1.351748 6 5 5 G
1.397336 6 6 5 G
1.413298 6 6 6 G
1.446047 6 6 7 G
1.485485 6 6 8 G
1.521230 6 6 9 G
1.543405 6 6 10 G
1.587274 6 7 10 G
0.000000 9 1 6 J
0.000166 9 1 5 J
0.019774 9 0 5 J
0.064105 9 0 4 J
0.075243 9 0 5 J
0.094648 9 0 4 J
0.133691 9 1 4 J
0.150624 9 2 4 J
0.179458 9 3 4 J
0.192915 9 3 3 J
0.211504 9 4 3 J
0.254484 9 5 3 J
0.288648 9 5 2 J
0.332102 9 4 2 J
0.375551 9 5 2 J
0.418134 9 5 1 J
0.440457 9 5 2 J
0.477229 9 5 3 J
0.525423 9 5 4 J
0.557645 9 5 3 J
0.604782 9 6 3 J
0.648245 9 6 4 J
0.674618 9 5 4 J
0.688694 9 5 3 J
0.716588 9 5 4 J
0.730109 9 6 4 J
0.759108 9 5 4 J
0.786068 9 6 4 J
0.820336 9 6 3 J
0.837720 9 7 3 J
0.854355 9 8 3 J
0.870296 9 7 3 J
0.898269 9 7 2 J
0.948503 9 7 3 J
0.992131 9 6 3 J
1.029405 9 5 3 J
1.047383 9 4 3 J
1.058322 9 4 2 J
1.090582 9 3 2 J
1.101810 9 3 3 J
1.119471 9 4 3 J
1.148962 9 4 4 J
1.171287 9 5 4 J
1.203286 9 5 5 J
1.236169 9 4 5 J
1.264681 9 4 4 J
1.291177 9 4 5 J
1.323280 9 4 4 J
1.366212 9 4 3 J
1.385352 9 4 2 J
1.411320 9 4 1 J
1.452432 9 4 0 J
1.496236 9 5 0 J
1.530545 9 5 14 J
1.564542 9 5 13 J
1.605498 9 6 13 J
1.655534 9 7 13 J
0.000000 7 0 12 H
0.000166 7 1 12 H
0.038646 7 1 11 H
0.072080 7 2 11 H
0.113101 7 2 12 H
0.130569 7 1 12 H
0.150122 7 1 11 H
0.176981 7 2 11 H
0.211708 7 2 10 H
0.254485 7 3 10 H
0.287537 7 2 10 H
0.320333 7 2 11 H
0.363384 7 1 11 H
0.412334 7 2 11 H
0.449678 7 2 12 H
0.486542 7 2 11 H
0.507364 7 2 12 H
0.554626 7 1 12 H
0.569041 7 1 11 H
0.598024 7 2 11 H
0.622450 7 2 12 H
0.645233 7 3 12 H
0.693392 7 4 12 H
0.741446 7 3 12 H
0.777442 7 4 12 H
0.790594 7 4 11 H
0.825484 7 4 12 H
0.837669 7 3 12 H
0.880662 7 3 11 H
0.908676 7 3 12 H
0.956385 7 3 13 H
1.006533 7 4 13 H
1.021231 7 5 13 H
1.068165 7 4 13 H
1.095072 7 3 13 H
1.127552 7 4 13 H
1.168072 7 4 12 H
1.182065 7 4 13 H
1.194113 7 4 12 H
1.233361 7 4 11 H
1.264812 7 3 11 H
1.293182 7 4 11 H
1.334744 7 4 12 H
1.382239 7 5 12 H
1.399290 7 6 12 H
1.420060 7 5 12 H
1.441297 7 5 11 H
1.473154 7 5 12 H
1.490574 7 5 11 H
1.514338 7 5 12 H
1.537599 7 5 11 H
1.578156 7 5 10 H
1.602342 7 5 11 H
1.650468 7 6 11 H
1.665392 7 7 11 H
1.698243 7 8 11 H
1.734203 7 8 10 H
1.756002 7 8 9 H
1.776336 7 7 9 H
1.793433 7 7 8 H
1.831097 7 6 8 H
1.855348 7 5 8 H
1.889949 7 6 8 H
1.940215 7 5 8 H
1.954582 7 5 7 H
1.992304 7 5 6 H
2.013485 7 5 7 H
0.000000 11 14 14 L
0.000167 11 14 0 L
0.017096 11 14 1 L
0.065788 11 0 1 L
0.093339 11 0 2 L
0.137372 11 0 1 L
0.168705 11 14 1 L
0.214175 11 14 2 L
0.237373 11 13 2 L
0.282590 11 13 1 L
0.310044 11 12 1 L
0.329181 11 11 1 L
0.344558 11 11 2 L
0.384561 11 12 2 L
0.401927 11 12 1 L
0.438357 11 12 2 L
0.478422 11 12 1 L
0.516752 11 12 0 L
0.533317 11 12 1 L
0.551646 11 12 2 L
0.591298 11 12 3 L
0.634216 11 12 2 L
0.661210 11 12 1 L
0.696084 11 12 0 L
0.716590 11 12 1 L
0.752274 11 13 1 L
0.781859 11 12 1 L
0.807750 11 13 1 L
0.849664 11 12 1 L
0.888462 11 11 1 L
0.905101 11 12 1 L
0.925456 11 13 1 L
0.957956 11 13 2 L
0.968657 11 13 1 L
0.998317 11 14 1 L
1.014762 11 13 1 L
1.045826 11 13 2 L
1.075320 11 13 1 L
1.118363 11 14 1 L
1.137488 11 14 0 L
1.158314 11 14 14 L
1.203288 11 13 14 L
1.251627 11 13 0 L
1.298366 11 13 1 L
1.343068 11 12 1 L
1.388049 11 13 1 L
1.399288 11 14 1 L
1.435562 11 14 2 L
1.482258 11 0 2 L
1.518429 11 1 2 L
1.543274 11 2 2 L
1.578154 11 1 2 L
1.605497 11 0 2 L
1.653085 11 0 3 L
1.702330 11 0 2 L
1.749319 11 0 3 L
1.798970 11 0 4 L
1.825305 11 14 4 L
1.849149 11 14 5 L
1.863186 11 14 6 L
1.889951 11 14 5 L
1.930262 11 14 6 L
1.949905 11 14 7 L
1.986168 11 13 7 L
1.999566 11 13 6 L
2.026065 11 14 6 L
0.000000 0 7 7 A
0.000166 0 6 7 A
0.038380 0 6 6 A
0.083964 0 6 7 A
0.123820 0 7 7 A
0.140740 0 8 7 A
0.189375 0 7 7 A
0.237374 0 7 8 A
0.268442 0 7 9 A
0.301167 0 8 9 A
0.324842 0 7 9 A
0.361093 0 7 8 A
0.382429 0 6 8 A
0.412448 0 6 7 A
0.429104 0 6 6 A
0.466413 0 7 6 A
0.484119 0 6 6 A
0.528209 0 7 6 A
0.578423 0 8 6 A
0.615130 0 8 5 A
0.646655 0 8 4 A
0.678756 0 7 4 A
0.708505 0 7 3 A
0.721232 0 7 4 A
0.762131 0 8 4 A
0.777329 0 8 3 A
0.811346 0 8 4 A
0.851293 0 9 4 A
0.893632 0 9 5 A
0.905165 0 10 5 A
0.919060 0 9 5 A
0.946914 0 9 6 A
0.982672 0 9 7 A
1.021233 0 9 8 A
1.041407 0 8 8 A
1.064568 0 8 9 A
1.083645 0 7 9 A
1.122571 0 7 10 A
1.140192 0 7 11 A
1.182181 0 7 10 A
1.212081 0 7 11 A
1.228670 0 7 10 A
1.257411 0 7 11 A
1.279297 0 7 12 A
1.305283 0 7 13 A
1.318601 0 7 14 A
1.338804 0 6 14 A
1.354780 0 7 14 A
1.402927 0 6 14 A
1.423136 0 7 14 A
1.459043 0 8 14 A
1.485483 0 8 13 A
1.524673 0 8 12 A
1.554706 0 7 12 A
1.594487 0 7 11 A
1.608102 0 7 12 A
1.658187 0 7 11 A
1.672720 0 7 10 A
1.684588 0 7 11 A
1.713076 0 7 12 A
1.751843 0 7 11 A
1.776464 0 8 11 A
1.800986 0 8 10 A
1.838765 0 8 9 A
1.855489 0 8 8 A
1.888096 0 9 8 A
1.905186 0 10 8 A
1.948443 0 11 8 A
1.965940 0 10 8 A
2.011424 0 10 7 A
2.052877 0 9 7 A
0.000000 4 5 8 E
0.000166 4 5 7 E
0.039828 4 4 7 E
0.067382 4 5 7 E
0.093272 4 4 7 E
0.114527 4 3 7 E
0.144206 4 4 7 E
0.183570 4 4 8 E
0.211626 4 4 9 E
0.253062 4 4 10 E
0.291203 4 3 10 E
0.333679 4 3 9 E
0.364718 4 3 8 E
0.399671 4 3 9 E
0.422186 4 3 8 E
0.448282 4 2 8 E
0.463257 4 2 9 E
0.486647 4 2 8 E
0.521878 4 2 9 E
0.554548 4 1 9 E
0.596518 4 1 10 E
0.619224 4 2 10 E
0.634217 4 2 11 E
0.662649 4 1 11 E
0.708502 4 1 12 E
0.755967 4 1 11 E
0.805170 4 1 12 E
0.829438 4 1 11 E
0.851295 4 2 11 E
0.877152 4 1 11 E
0.906528 4 1 12 E
0.920156 4 2 12 E
0.970202 4 2 13 E
0.988386 4 1 13 E
1.034072 4 0 13 E
1.051061 4 14 13 E
1.097605 4 13 13 E
1.140191 4 14 13 E
1.182182 4 13 13 E
1.203400 4 14 13 E
1.241228 4 0 13 E
1.261028 4 0 14 E
1.274546 4 1 14 E
1.323282 4 1 13 E
1.360173 4 1 12 E
1.372058 4 1 13 E
1.405005 4 0 13 E
1.452296 4 0 12 E
1.477052 4 1 12 E
1.500881 4 0 12 E
1.546040 4 0 13 E
1.572280 4 0 12 E
1.583136 4 1 12 E
1.622350 4 2 12 E
1.653169 4 3 12 E
1.680068 4 3 11 E
1.727490 4 3 10 E
1.761682 4 2 10 E
1.802555 4 3 10 E
1.846154 4 4 10 E
1.884391 4 5 10 E
1.901430 4 5 11 E
1.940095 4 5 10 E
1.953108 4 6 10 E
1.995939 4 6 11 E
2.029042 4 7 11 E
2.060114 4 6 11 E
2.079256 4 6 12 E
2.125731 4 5 12 E
2.155214 4 6 12 E
2.191216 4 7 12 E
2.236038 4 8 12 E
2.249367 4 7 12 E
2.272352 4 6 12 E
2.302130 4 5 12 E
2.319478 4 5 11 E
2.356698 4 5 12 E
2.380575 4 5 13 E
2.417712 4 6 13 E
2.460748 4 6 14 E
2.481050 4 6 13 E
2.503851 4 5 13 E
2.525475 4 4 13 E
2.543592 4 3 13 E
2.578312 4 3 14 E
2.596908 4 2 14 E
0.000000 5 4 10 F
0.000166 5 3 10 F
0.031212 5 2 10 F
0.046152 5 2 9 F
0.081360 5 3 9 F
0.118285 5 3 10 F
0.150277 5 4 10 F
0.199638 5 4 11 F
0.211627 5 3 11 F
0.256134 5 3 12 F
0.302575 5 2 12 F
0.316060 5 2 13 F
0.359586 5 2 14 F
0.374295 5 3 14 F
0.418242 5 3 13 F
0.464703 5 4 13 F
0.477230 5 4 14 F
0.508504 5 4 0 F
0.528125 5 3 0 F
0.553110 5 4 0 F
0.594175 5 4 1 F
0.607335 5 3 1 F
0.640173 5 3 0 F
0.688603 5 3 14 F
0.708504 5 3 13 F
0.746255 5 4 13 F
0.777208 5 3 13 F
0.816087 5 3 12 F
0.858413 5 3 11 F
0.903408 5 3 12 F
0.948603 5 3 13 F
0.991050 5 4 13 F
1.010677 5 4 12 F
1.035486 5 4 13 F
1.085241 5 4 14 F
1.120902 5 5 14 F
1.155593 5 4 14 F
1.169603 5 3 14 F
1.212079 5 3 0 F
1.230288 5 4 0 F
1.248259 5 4 14 F
1.267461 5 3 14 F
1.310298 5 4 14 F
1.360172 5 3 14 F
1.401372 5 3 0 F
1.447179 5 4 0 F
1.492656 5 5 0 F
1.512248 5 6 0 F
1.546038 5 6 1 F
1.593065 5 7 1 F
1.633410 5 6 1 F
1.671599 5 6 2 F
1.709676 5 7 2 F
1.731635 5 6 2 F
1.760270 5 6 3 F
1.787543 5 6 4 F
1.801095 5 6 5 F
1.852228 5 5 5 F
1.888186 5 6 5 F
1.922514 5 6 6 F
1.958242 5 5 6 F
2.001103 5 5 7 F
2.036759 5 5 6 F
2.054324 5 6 6 F
2.087095 5 7 6 F
2.132118 5 6 6 F
2.168302 5 7 6 F
2.190972 5 8 6 F
2.205101 5 9 6 F
2.220118 5 8 6 F
2.234891 5 9 6 F
2.247508 5 8 6 F
2.285326 5 9 6 F
2.331355 5 8 6 F
2.376949 5 8 5 F
2.426998 5 9 5 F
2.475861 5 9 4 F
2.508172 5 9 3 F
2.533690 5 8 3 F
2.572110 5 7 3 F
2.621284 5 6 3 F
2.669355 5 6 2 F
2.703867 5 6 1 F
2.715747 5 6 0 F
0.000000 3 14 13 D
0.000166 3 0 13 D
0.015270 3 14 13 D
0.035760 3 14 12 D
0.052385 3 13 12 D
0.069133 3 12 12 D
0.120197 3 12 13 D
0.163404 3 12 12 D
0.202327 3 11 12 D
0.231244 3 10 12 D
0.260194 3 11 12 D
0.297895 3 11 11 D
0.321741 3 10 11 D
0.350314 3 10 12 D
0.364798 3 11 12 D
0.410734 3 10 12 D
0.455396 3 10 13 D
0.469065 3 9 13 D
0.518171 3 10 13 D
0.553096 3 10 14 D
0.594374 3 10 13 D
0.642061 3 11 13 D
0.677353 3 12 13 D
0.711889 3 12 12 D
0.728507 3 12 11 D
0.741448 3 13 11 D
0.765214 3 13 10 D
0.781858 3 12 10 D
0.797829 3 12 11 D
0.836151 3 13 11 D
0.856895 3 13 12 D
0.901841 3 13 11 D
0.932144 3 13 12 D
0.957805 3 13 13 D
0.982674 3 12 13 D
1.013270 3 12 12 D
1.041487 3 13 12 D
1.069639 3 13 11 D
1.091943 3 13 10 D
1.118361 3 13 9 D
1.132346 3 14 9 D
1.158446 3 14 8 D
1.187289 3 14 7 D
1.206868 3 13 7 D
1.230430 3 14 7 D
1.262154 3 0 7 D
1.307147 3 1 7 D
1.347557 3 0 7 D
1.374490 3 1 7 D
1.413387 3 1 8 D
1.443361 3 1 9 D
1.485720 3 1 8 D
1.510265 3 0 8 D
1.540166 3 0 7 D
1.578397 3 0 6 D
1.622199 3 1 6 D
1.653086 3 1 7 D
1.698243 3 2 7 D
1.747625 3 3 7 D
1.769460 3 2 7 D
1.806691 3 1 7 D
1.853771 3 0 7 D
1.865151 3 14 7 D
1.905184 3 14 8 D
1.945263 3 13 8 D
1.979370 3 13 7 D
2.029139 3 14 7 D
2.039984 3 14 6 D
2.052822 3 14 7 D
2.098050 3 14 6 D
2.111259 3 0 6 D
2.147951 3 0 7 D
2.164708 3 0 6 D
2.193196 3 14 6 D
2.213688 3 0 6 D
2.227670 3 0 5 D
2.261588 3 0 4 D
2.297116 3 14 4 D
2.316319 3 14 5 D
2.345824 3 14 6 D
2.361502 3 0 6 D
2.401692 3 0 5 D
2.447149 3 1 5 D
2.492080 3 0 5 D
2.532215 3 0 4 D
2.570454 3 1 4 D
2.591766 3 2 4 D
2.624961 3 2 3 D
2.672911 3 3 3 D
2.717320 3 3 4 D
2.736086 3 3 5 D
