-1 15 15 15
0.000000 10 0 14 K
0.000042 10 0 0 K
0.046175 10 14 0 K
0.059552 10 13 0 K
0.102612 10 12 0 K
0.141253 10 11 0 K
0.185678 10 11 14 K
0.196695 10 10 14 K
0.234254 10 9 14 K
0.262686 10 10 14 K
0.289136 10 10 0 K
0.329594 10 10 1 K
0.367518 10 11 1 K
0.408128 10 10 1 K
0.455190 10 11 1 K
0.000000 12 11 3 M
0.000042 12 10 3 M
0.010734 12 9 3 M
0.022718 12 9 2 M
0.059550 12 10 2 M
0.098763 12 9 2 M
0.120924 12 8 2 M
0.160800 12 9 2 M
0.171786 12 10 2 M
0.204990 12 11 2 M
0.228959 12 12 2 M
0.265960 12 13 2 M
0.298590 12 12 2 M
0.324908 12 12 3 M
0.346092 12 11 3 M
0.387606 12 11 2 M
0.424422 12 12 2 M
0.473889 12 12 1 M
0.518851 12 12 0 M
0.561745 12 12 1 M
0.586611 12 12 0 M
0.618120 12 13 0 M
0.654277 12 13 1 M
0.691015 12 13 0 M
0.734561 12 14 0 M
0.000000 7 4 1 H
0.000042 7 3 1 H
0.028577 7 2 1 H
0.043004 7 2 0 H
0.066705 7 1 0 H
0.084879 7 2 0 H
0.106641 7 2 1 H
0.141431 7 2 2 H
0.171785 7 1 2 H
0.192655 7 1 1 H
0.208825 7 1 0 H
0.223188 7 2 0 H
0.248723 7 3 0 H
0.284573 7 4 0 H
0.307559 7 5 0 H
0.342441 7 6 0 H
0.372584 7 6 14 H
0.417587 7 5 14 H
0.434047 7 5 0 H
0.466256 7 4 0 H
0.495566 7 4 1 H
0.523991 7 4 2 H
0.536837 7 4 3 H
0.548761 7 4 2 H
0.589756 7 4 1 H
0.623320 7 4 2 H
0.658536 7 4 1 H
0.703933 7 4 0 H
0.733090 7 4 1 H
0.782662 7 4 0 H
0.806511 7 4 14 H
0.838996 7 4 0 H
0.850191 7 4 14 H
0.899242 7 3 14 H
0.000000 5 9 6 F
0.000042 5 10 6 F
0.021128 5 10 5 F
0.039934 5 9 5 F
0.062167 5 8 5 F
0.110107 5 9 5 F
0.132880 5 9 6 F
0.180628 5 8 6 F
0.193752 5 8 7 F
0.221715 5 8 6 F
0.259642 5 7 6 F
0.284460 5 7 5 F
0.304876 5 7 4 F
0.350714 5 6 4 F
0.374057 5 6 3 F
0.424420 5 5 3 F
0.435603 5 5 2 F
0.458963 5 6 2 F
0.478657 5 5 2 F
0.505028 5 6 2 F
0.535446 5 7 2 F
0.574707 5 6 2 F
0.616883 5 6 1 F
0.651155 5 6 2 F
0.695812 5 6 3 F
0.711301 5 6 4 F
0.744857 5 5 4 F
0.790275 5 5 3 F
0.810536 5 5 2 F
0.845554 5 5 3 F
0.886820 5 4 3 F
0.928190 5 4 4 F
0.000000 13 13 0 N
0.000042 13 13 1 N
0.031772 13 12 1 N
0.049692 13 11 1 N
0.074857 13 10 1 N
0.096756 13 11 1 N
0.108034 13 11 2 N
0.127677 13 11 1 N
0.154710 13 11 0 N
0.188826 13 10 0 N
0.215736 13 10 1 N
0.231577 13 11 1 N
0.281900 13 10 1 N
0.329593 13 10 2 N
0.360020 13 10 1 N
0.382802 13 10 0 N
0.408223 13 9 0 N
0.439267 13 9 14 N
0.463580 13 8 14 N
0.480622 13 9 14 N
0.494024 13 9 0 N
0.538422 13 9 14 N
0.570619 13 9 13 N
0.613626 13 9 14 N
0.644742 13 8 14 N
0.658553 13 9 14 N
0.688024 13 9 13 N
0.711213 13 10 13 N
0.761916 13 11 13 N
0.810600 13 10 13 N
0.836926 13 10 14 N
0.859574 13 10 0 N
0.890562 13 10 1 N
0.913166 13 10 0 N
0.950021 13 9 0 N
0.981691 13 9 1 N
1.001581 13 8 1 N
1.042618 13 8 0 N
1.064084 13 7 0 N
1.082848 13 7 14 N
1.116100 13 7 13 N
0.000000 6 13 5 G
0.000042 6 14 5 G
0.013844 6 0 5 G
0.063592 6 1 5 G
0.100820 6 2 5 G
0.122978 6 1 5 G
0.152496 6 1 4 G
0.166516 6 1 5 G
0.214384 6 2 5 G
0.245048 6 2 6 G
0.294342 6 2 5 G
0.339896 6 3 5 G
0.375532 6 2 5 G
0.423151 6 2 6 G
0.443910 6 1 6 G
0.489986 6 2 6 G
0.506455 6 2 5 G
0.519065 6 3 5 G
0.567966 6 2 5 G
0.602678 6 3 5 G
0.652710 6 3 4 G
0.680251 6 3 3 G
0.696926 6 3 4 G
0.733021 6 3 5 G
0.744972 6 2 5 G
0.793929 6 1 5 G
0.808932 6 0 5 G
0.850374 6 14 5 G
0.877024 6 13 5 G
0.894625 6 13 4 G
0.944331 6 14 4 G
0.984493 6 0 4 G
1.012953 6 0 3 G
1.042616 6 1 3 G
1.066684 6 0 3 G
1.101007 6 0 4 G
1.147216 6 0 5 G
1.166556 6 0 4 G
0.000000 11 9 4 L
0.000042 11 10 4 L
0.046173 11 9 4 L
0.060614 11 10 4 L
0.106622 11 10 5 L
0.130375 11 10 6 L
0.158746 11 10 7 L
0.207688 11 11 7 L
0.236767 11 10 7 L
0.284575 11 10 6 L
0.332056 11 10 7 L
0.356006 11 9 7 L
0.405092 11 10 7 L
0.440288 11 11 7 L
0.487294 11 12 7 L
0.527520 11 12 8 L
0.571708 11 13 8 L
0.598992 11 12 8 L
0.612037 11 12 7 L
0.652810 11 12 6 L
0.695814 11 13 6 L
0.730414 11 13 7 L
0.757717 11 13 8 L
0.800732 11 13 7 L
0.847092 11 13 6 L
0.896120 11 13 5 L
0.922631 11 13 4 L
0.955632 11 13 5 L
0.981575 11 13 4 L
1.031641 11 13 3 L
1.055623 11 14 3 L
1.078673 11 14 2 L
1.119720 11 14 3 L
1.147218 11 14 2 L
1.166538 11 14 3 L
1.187541 11 13 3 L
0.000000 14 3 14 O
0.000043 14 3 0 O
0.029941 14 2 0 O
0.041634 14 3 0 O
0.053228 14 3 14 O
0.096685 14 2 14 O
0.143597 14 2 13 O
0.156899 14 2 14 O
0.173956 14 3 14 O
0.223296 14 3 13 O
0.263795 14 3 14 O
0.306245 14 3 0 O
0.322268 14 2 0 O
0.356095 14 2 1 O
0.395684 14 2 2 O
0.422967 14 3 2 O
0.467796 14 4 2 O
0.484237 14 5 2 O
0.525487 14 5 1 O
0.570621 14 4 1 O
0.616770 14 4 0 O
0.635787 14 3 0 O
0.666212 14 2 0 O
0.705150 14 3 0 O
0.734556 14 3 1 O
0.784245 14 2 1 O
0.800730 14 2 2 O
0.814068 14 1 2 O
0.850290 14 0 2 O
0.862066 14 1 2 O
0.899327 14 1 3 O
0.934518 14 1 2 O
0.957087 14 2 2 O
0.994874 14 1 2 O
1.006617 14 0 2 O
1.042619 14 1 2 O
1.077552 14 0 2 O
1.103653 14 0 1 O
1.129645 14 1 1 O
1.143722 14 1 2 O
1.183546 14 2 2 O
1.198926 14 2 1 O
1.222009 14 1 1 O
1.241994 14 1 2 O
0.000000 9 3 1 J
0.000042 9 3 2 J
0.034285 9 3 3 J
0.062007 9 3 4 J
0.106620 9 3 3 J
0.127760 9 3 4 J
0.164989 9 2 4 J
0.198215 9 3 4 J
0.229012 9 4 4 J
0.258568 9 5 4 J
0.273998 9 5 5 J
0.319152 9 5 6 J
0.332057 9 4 6 J
0.346139 9 5 6 J
0.387527 9 6 6 J
0.413818 9 7 6 J
0.437882 9 8 6 J
0.461432 9 7 6 J
0.478772 9 6 6 J
0.509473 9 6 7 J
0.522373 9 6 6 J
0.553557 9 6 5 J
0.604173 9 7 5 J
0.644655 9 7 4 J
0.692559 9 6 4 J
0.719640 9 7 4 J
0.731889 9 8 4 J
0.743850 9 8 5 J
0.759270 9 9 5 J
0.793928 9 8 5 J
0.806428 9 9 5 J
0.842530 9 9 4 J
0.880738 9 9 5 J
0.904621 9 9 4 J
0.918652 9 10 4 J
0.962844 9 11 4 J
1.005207 9 11 5 J
1.021990 9 11 6 J
1.050910 9 10 6 J
1.077550 9 10 5 J
1.124514 9 10 4 J
1.147219 9 10 3 J
1.170456 9 9 3 J
1.218559 9 10 3 J
1.244618 9 10 2 J
1.276201 9 10 1 J
1.305765 9 9 1 J
1.347302 9 10 1 J
1.394877 9 9 1 J
1.442505 9 9 0 J
1.471739 9 10 0 J
1.512546 9 9 0 J
1.554558 9 9 1 J
1.601578 9 10 1 J
1.612903 9 10 2 J
1.649617 9 9 2 J
1.699569 9 10 2 J
1.733018 9 11 2 J
1.781139 9 11 3 J
1.815405 9 11 2 J
1.841243 9 10 2 J
1.874256 9 11 2 J
1.889809 9 12 2 J
1.927670 9 12 1 J
1.940381 9 13 1 J
1.957626 9 14 1 J
0.000000 8 4 2 I
0.000042 8 4 1 I
0.031683 8 3 1 I
0.062109 8 4 1 I
0.078052 8 5 1 I
0.089663 8 5 0 I
0.112803 8 5 14 I
0.147895 8 5 13 I
0.181732 8 6 13 I
0.193662 8 5 13 I
0.224297 8 6 13 I
0.275576 8 5 13 I
0.301585 8 6 13 I
0.347621 8 6 12 I
0.358648 8 5 12 I
0.373964 8 4 12 I
0.421749 8 4 11 I
0.439198 8 5 11 I
0.480773 8 6 11 I
0.499200 8 7 11 I
0.534105 8 7 10 I
0.576225 8 7 9 I
0.613571 8 6 9 I
0.632086 8 6 8 I
0.663793 8 5 8 I
0.705050 8 5 9 I
0.739086 8 4 9 I
0.759271 8 5 9 I
0.806338 8 6 9 I
0.847167 8 5 9 I
0.883834 8 5 10 I
0.905939 8 6 10 I
0.944332 8 6 9 I
0.971052 8 5 9 I
0.990723 8 6 9 I
1.020245 8 5 9 I
1.045694 8 5 10 I
1.085895 8 5 9 I
1.101008 8 5 8 I
1.131148 8 5 9 I
1.172550 8 5 8 I
1.183342 8 5 9 I
1.221785 8 5 10 I
1.248151 8 5 11 I
1.289646 8 4 11 I
1.314607 8 4 10 I
1.347265 8 5 10 I
1.370607 8 5 9 I
1.405646 8 5 10 I
1.417627 8 5 11 I
1.452707 8 5 10 I
1.503840 8 5 11 I
1.549772 8 5 12 I
1.568581 8 6 12 I
1.583956 8 5 12 I
1.632080 8 5 11 I
1.643288 8 5 10 I
1.681881 8 5 11 I
1.694873 8 5 10 I
1.720115 8 4 10 I
1.747813 8 3 10 I
1.798241 8 4 10 I
1.847912 8 4 11 I
1.889807 8 5 11 I
1.901822 8 5 12 I
1.918687 8 5 13 I
1.932129 8 5 12 I
1.945101 8 5 11 I
1.966849 8 5 10 I
1.980672 8 5 9 I
2.016721 8 6 9 I
0.000000 1 14 14 B
0.000042 1 14 13 B
0.022913 1 13 13 B
0.055876 1 13 12 B
0.084754 1 13 11 B
0.115777 1 13 12 B
0.156755 1 12 12 B
0.173766 1 11 12 B
0.187233 1 11 13 B
0.235660 1 10 13 B
0.247627 1 11 13 B
0.283035 1 11 12 B
0.329759 1 10 12 B
0.349172 1 10 11 B
0.378144 1 11 11 B
0.395685 1 11 12 B
0.409659 1 11 11 B
0.441785 1 11 12 B
0.487536 1 11 11 B
0.507961 1 11 12 B
0.536836 1 11 13 B
0.581959 1 10 13 B
0.597424 1 11 13 B
0.622241 1 11 12 B
0.646054 1 12 12 B
0.683838 1 13 12 B
0.715899 1 14 12 B
0.729305 1 14 13 B
0.770737 1 14 12 B
0.800733 1 14 11 B
0.840376 1 13 11 B
0.890561 1 14 11 B
0.919863 1 14 12 B
0.945786 1 14 13 B
0.985691 1 14 14 B
1.030087 1 13 14 B
1.064088 1 13 13 B
1.101171 1 13 12 B
1.143725 1 13 11 B
1.194387 1 13 12 B
1.240884 1 14 12 B
1.271634 1 14 11 B
1.286542 1 14 12 B
1.319263 1 0 12 B
1.359548 1 14 12 B
1.373544 1 0 12 B
1.394875 1 14 12 B
1.419543 1 14 11 B
1.456804 1 14 10 B
1.490613 1 13 10 B
1.503774 1 13 11 B
1.549877 1 14 11 B
1.571546 1 0 11 B
1.616639 1 0 10 B
1.634581 1 0 11 B
1.667111 1 1 11 B
1.692599 1 1 12 B
1.732889 1 1 11 B
1.782726 1 1 10 B
1.803918 1 1 11 B
1.829934 1 1 10 B
1.871854 1 1 11 B
1.883069 1 2 11 B
1.928745 1 1 11 B
1.975552 1 1 10 B
2.011765 1 0 10 B
2.060572 1 14 10 B
2.103816 1 13 10 B
2.116705 1 12 10 B
2.164764 1 11 10 B
0.000000 4 3 14 E
0.000042 4 4 14 E
0.022855 4 5 14 E
0.034221 4 5 0 E
0.078051 4 5 1 E
0.089674 4 5 2 E
0.102574 4 5 3 E
0.134632 4 5 4 E
0.180589 4 5 3 E
0.215734 4 5 4 E
0.258565 4 6 4 E
0.300035 4 6 3 E
0.320847 4 7 3 E
0.335831 4 8 3 E
0.352353 4 8 4 E
0.391549 4 8 3 E
0.403469 4 9 3 E
0.439197 4 9 2 E
0.471925 4 9 3 E
0.501876 4 10 3 E
0.538610 4 11 3 E
0.569089 4 12 3 E
0.611924 4 13 3 E
0.638251 4 13 2 E
0.649686 4 13 3 E
0.700331 4 12 3 E
0.743747 4 12 4 E
0.763367 4 13 4 E
0.811606 4 13 5 E
0.836818 4 13 4 E
0.870969 4 12 4 E
0.896119 4 12 3 E
0.911673 4 13 3 E
0.930235 4 13 4 E
0.979884 4 14 4 E
1.010838 4 14 5 E
1.057357 4 13 5 E
1.072887 4 12 5 E
1.092673 4 11 5 E
1.129643 4 11 4 E
1.163882 4 11 3 E
1.199047 4 11 2 E
1.249698 4 11 3 E
1.291170 4 12 3 E
1.316140 4 12 4 E
1.343054 4 12 5 E
1.390076 4 12 6 E
1.425769 4 11 6 E
1.450652 4 12 6 E
1.476568 4 11 6 E
1.509989 4 12 6 E
1.534326 4 12 7 E
1.561174 4 12 8 E
1.606073 4 12 7 E
1.632078 4 12 8 E
1.649615 4 12 9 E
1.686996 4 12 8 E
1.710815 4 12 7 E
1.755174 4 12 6 E
1.769199 4 11 6 E
1.795753 4 11 5 E
1.845302 4 12 5 E
1.859235 4 13 5 E
1.896046 4 13 6 E
1.936327 4 12 6 E
1.968305 4 12 5 E
2.016720 4 11 5 E
2.035561 4 11 6 E
2.073847 4 12 6 E
2.121567 4 12 5 E
2.144271 4 12 4 E
2.164766 4 11 4 E
2.193673 4 10 4 E
2.208744 4 11 4 E
2.223768 4 12 4 E
2.257828 4 12 3 E
2.272329 4 11 3 E
2.294597 4 11 2 E
2.343611 4 10 2 E
2.366258 4 10 1 E
2.400597 4 9 1 E
2.412266 4 9 0 E
2.439777 4 9 14 E
2.457406 4 9 13 E
2.507370 4 9 14 E
2.555680 4 8 14 E
2.594974 4 9 14 E
2.625324 4 10 14 E
2.640322 4 10 0 E
0.000000 2 10 2 C
0.000042 2 9 2 C
0.041597 2 8 2 C
0.089661 2 8 1 C
0.136079 2 9 1 C
0.156633 2 9 0 C
0.193868 2 9 14 C
0.225814 2 8 14 C
0.270391 2 7 14 C
0.309948 2 6 14 C
0.350880 2 5 14 C
0.399345 2 5 13 C
0.439367 2 5 14 C
0.473979 2 5 0 C
0.520829 2 6 0 C
0.557689 2 6 14 C
0.580409 2 6 13 C
0.628679 2 5 13 C
0.652712 2 6 13 C
0.666300 2 6 12 C
0.701430 2 6 11 C
0.722026 2 6 10 C
0.761915 2 7 10 C
0.779575 2 8 10 C
0.822373 2 8 9 C
0.838998 2 9 9 C
0.850192 2 9 10 C
0.870968 2 8 10 C
0.904411 2 7 10 C
0.930237 2 8 10 C
0.967524 2 7 10 C
0.981407 2 7 9 C
1.021883 2 7 10 C
1.054282 2 7 11 C
1.098093 2 7 12 C
1.116099 2 6 12 C
1.143724 2 6 11 C
1.187539 2 6 12 C
1.210853 2 6 11 C
1.260072 2 6 12 C
1.300560 2 5 12 C
1.323550 2 5 13 C
1.371981 2 4 13 C
1.404082 2 3 13 C
1.443607 2 3 12 C
1.476681 2 3 11 C
1.499635 2 3 12 C
1.540992 2 4 12 C
1.554557 2 4 13 C
1.569913 2 4 12 C
1.595303 2 4 11 C
1.633085 2 4 10 C
1.658906 2 4 11 C
1.699321 2 5 11 C
1.738101 2 6 11 C
1.753811 2 6 10 C
1.773389 2 5 10 C
1.801366 2 5 11 C
1.826761 2 5 10 C
1.838583 2 5 11 C
1.887200 2 4 11 C
1.926586 2 4 10 C
1.959995 2 4 11 C
1.975550 2 4 10 C
2.021125 2 4 11 C
2.052602 2 3 11 C
2.078442 2 3 12 C
2.116326 2 3 11 C
2.165880 2 3 10 C
2.177627 2 2 10 C
2.198070 2 2 9 C
2.231682 2 3 9 C
2.267157 2 3 10 C
2.288911 2 3 9 C
2.332758 2 3 8 C
2.359034 2 3 7 C
2.387694 2 3 6 C
2.412436 2 4 6 C
2.425763 2 3 6 C
2.458813 2 3 5 C
2.482062 2 3 4 C
2.513100 2 3 5 C
2.555561 2 3 4 C
2.601062 2 3 5 C
2.630982 2 3 6 C
2.680657 2 3 7 C
0.000000 3 0 2 D
0.000042 3 1 2 D
0.031682 3 1 3 D
0.075977 3 1 4 D
0.111662 3 2 4 D
0.152498 3 2 3 D
0.180588 3 3 3 D
0.195124 3 3 4 D
0.206608 3 3 3 D
0.245140 3 3 2 D
0.270392 3 4 2 D
0.307554 3 4 1 D
0.320764 3 4 2 D
0.338336 3 4 3 D
0.379652 3 4 4 D
0.425924 3 5 4 D
0.437785 3 6 4 D
0.456307 3 6 5 D
0.503609 3 7 5 D
0.553562 3 8 5 D
0.573136 3 8 6 D
0.620697 3 9 6 D
0.666301 3 9 7 D
0.689441 3 8 7 D
0.726758 3 7 7 D
0.756153 3 7 6 D
0.784140 3 7 7 D
0.800637 3 7 6 D
0.848640 3 7 7 D
0.872373 3 7 6 D
0.893175 3 7 5 D
0.918560 3 7 4 D
0.958662 3 7 5 D
0.984492 3 8 5 D
1.027626 3 9 5 D
1.054009 3 8 5 D
1.091139 3 7 5 D
1.121284 3 8 5 D
1.135855 3 9 5 D
1.160699 3 10 5 D
1.202565 3 11 5 D
1.228655 3 11 6 D
1.257061 3 10 6 D
1.268978 3 10 7 D
1.309413 3 10 8 D
1.347159 3 11 8 D
1.391815 3 10 8 D
1.407141 3 10 7 D
1.417666 3 10 6 D
1.463627 3 9 6 D
1.492923 3 9 7 D
1.503956 3 9 6 D
1.521874 3 10 6 D
1.538550 3 9 6 D
1.572642 3 8 6 D
1.612828 3 8 5 D
1.631971 3 8 4 D
1.679036 3 7 4 D
1.724365 3 7 5 D
1.738209 3 7 6 D
1.778707 3 6 6 D
1.799799 3 6 5 D
1.841133 3 7 5 D
1.855703 3 6 5 D
1.900654 3 7 5 D
1.921892 3 6 5 D
1.956555 3 6 4 D
2.002987 3 7 4 D
2.015525 3 8 4 D
2.060396 3 8 3 D
2.101233 3 8 2 D
2.122652 3 8 1 D
2.159598 3 9 1 D
2.180428 3 10 1 D
2.192115 3 9 1 D
2.233988 3 8 1 D
2.246356 3 7 1 D
2.286277 3 7 2 D
2.306935 3 8 2 D
2.342120 3 9 2 D
2.364809 3 9 1 D
2.383333 3 9 2 D
2.413801 3 10 2 D
2.425981 3 10 3 D
2.461433 3 11 3 D
2.502324 3 11 2 D
2.517713 3 10 2 D
2.541556 3 9 2 D
2.566612 3 9 1 D
2.589153 3 9 0 D
2.605712 3 10 0 D
2.615998 3 11 0 D
2.632077 3 11 14 D
2.655874 3 12 14 D
2.667192 3 11 14 D
2.684861 3 11 13 D
0.000000 0 9 0 A
0.000041 0 10 0 A
0.013838 0 10 1 A
0.038844 0 10 2 A
0.079676 0 10 1 A
0.108131 0 10 0 A
0.150562 0 9 0 A
0.168076 0 9 1 A
0.198216 0 8 1 A
0.220062 0 7 1 A
0.256003 0 7 2 A
0.271546 0 6 2 A
0.301671 0 6 3 A
0.335833 0 6 4 A
0.382800 0 7 4 A
0.402098 0 7 5 A
0.425984 0 7 6 A
0.457443 0 8 6 A
0.484397 0 9 6 A
0.519066 0 9 7 A
0.533807 0 10 7 A
0.551986 0 11 7 A
0.596050 0 10 7 A
0.643553 0 10 8 A
0.675567 0 10 7 A
0.708665 0 10 6 A
0.726760 0 10 5 A
0.746319 0 10 4 A
0.775942 0 11 4 A
0.793926 0 10 4 A
0.830615 0 11 4 A
0.850289 0 10 4 A
0.883754 0 10 3 A
0.921594 0 10 4 A
0.936951 0 10 5 A
0.950221 0 10 6 A
0.981409 0 9 6 A
1.023334 0 9 5 A
1.057259 0 10 5 A
1.080171 0 11 5 A
1.112122 0 11 4 A
1.134324 0 12 4 A
1.149333 0 12 3 A
1.180755 0 13 3 A
1.206649 0 13 2 A
1.254786 0 13 1 A
1.291269 0 12 1 A
1.328613 0 12 2 A
1.340108 0 12 3 A
1.387563 0 13 3 A
1.410804 0 14 3 A
1.433120 0 14 4 A
1.470314 0 0 4 A
1.503773 0 0 5 A
1.531776 0 0 6 A
1.559134 0 0 7 A
1.602679 0 0 6 A
1.616565 0 0 7 A
1.641879 0 1 7 A
1.658904 0 2 7 A
1.701423 0 3 7 A
1.715675 0 3 6 A
1.750410 0 2 6 A
1.787026 0 3 6 A
1.837083 0 3 5 A
1.855701 0 3 6 A
1.887300 0 4 6 A
1.937812 0 4 5 A
1.980681 0 4 6 A
2.021216 0 3 6 A
2.035818 0 4 6 A
2.084818 0 4 5 A
2.132244 0 4 6 A
2.144609 0 4 7 A
2.185543 0 4 8 A
2.223647 0 4 7 A
2.252034 0 4 8 A
2.275969 0 5 8 A
2.310093 0 5 9 A
2.330624 0 5 8 A
2.363700 0 5 9 A
2.387596 0 4 9 A
2.436057 0 4 8 A
2.476361 0 3 8 A
2.489767 0 3 9 A
2.514638 0 4 9 A
2.560824 0 4 10 A
2.589606 0 5 10 A
2.601064 0 4 10 A
2.649631 0 3 10 A
2.695678 0 4 10 A
2.711632 0 3 10 A
2.723680 0 3 11 A
2.752032 0 4 11 A
2.777365 0 4 10 A
2.804144 0 4 11 A
2.851643 0 4 10 A
2.873894 0 5 10 A
2.922468 0 5 11 A
2.949954 0 4 11 A
2.979356 0 5 11 A
