-1 15 15 15
0.000000 13 9 7 N
0.000066 13 10 7 N
0.015451 13 11 7 N
0.061582 13 11 6 N
0.077864 13 11 7 N
0.128644 13 11 6 N
0.165055 13 11 7 N
0.200119 13 10 7 N
0.212064 13 10 8 N
0.241061 13 10 7 N
0.280152 13 10 6 N
0.298248 13 9 6 N
0.326873 13 8 6 N
0.366658 13 8 5 N
0.410038 13 8 6 N
0.435359 13 8 5 N
0.457572 13 7 5 N
0.483135 13 8 5 N
0.495922 13 9 5 N
0.534061 13 9 6 N
0.561571 13 8 6 N
0.000000 8 14 12 I
0.000066 8 14 11 I
0.036797 8 0 11 I
0.068507 8 14 11 I
0.078954 8 14 10 I
0.126026 8 13 10 I
0.146336 8 14 10 I
0.159334 8 14 9 I
0.201616 8 0 9 I
0.241173 8 14 9 I
0.267750 8 14 8 I
0.302874 8 13 8 I
0.330056 8 13 9 I
0.374940 8 14 9 I
0.405977 8 14 10 I
0.431366 8 14 9 I
0.447303 8 0 9 I
0.482021 8 0 8 I
0.532537 8 0 9 I
0.580479 8 14 9 I
0.000000 4 12 2 E
0.000066 4 12 3 E
0.015451 4 12 2 E
0.035646 4 12 3 E
0.065926 4 11 3 E
0.107061 4 11 2 E
0.121003 4 12 2 E
0.152061 4 12 1 E
0.195939 4 13 1 E
0.220525 4 13 0 E
0.247683 4 13 14 E
0.290038 4 14 14 E
0.328062 4 13 14 E
0.365112 4 14 14 E
0.388946 4 0 14 E
0.402286 4 14 14 E
0.418090 4 14 0 E
0.437651 4 0 0 E
0.454062 4 0 1 E
0.477362 4 1 1 E
0.510478 4 0 1 E
0.535627 4 1 1 E
0.575834 4 0 1 E
0.588280 4 0 2 E
0.607936 4 1 2 E
0.626571 4 1 3 E
0.669295 4 2 3 E
0.717938 4 1 3 E
0.756201 4 1 2 E
0.800576 4 0 2 E
0.836204 4 0 3 E
0.881582 4 14 3 E
0.892337 4 14 2 E
0.000000 9 9 2 J
0.000066 9 8 2 J
0.047122 9 8 3 J
0.080439 9 7 3 J
0.120867 9 7 2 J
0.135906 9 8 2 J
0.169059 9 8 1 J
0.209375 9 8 0 J
0.229270 9 9 0 J
0.270495 9 8 0 J
0.316069 9 9 0 J
0.346410 9 9 14 J
0.393470 9 9 13 J
0.407220 9 8 13 J
0.423007 9 9 13 J
0.464556 9 9 12 J
0.484472 9 10 12 J
0.506309 9 9 12 J
0.541977 9 9 11 J
0.569201 9 8 11 J
0.600086 9 9 11 J
0.626573 9 9 12 J
0.666761 9 10 12 J
0.716565 9 10 11 J
0.745942 9 9 11 J
0.777561 9 9 10 J
0.788306 9 8 10 J
0.802109 9 8 9 J
0.844952 9 8 8 J
0.857036 9 8 7 J
0.872839 9 8 8 J
0.915667 9 8 9 J
0.952334 9 9 9 J
0.992032 9 10 9 J
1.009041 9 10 8 J
1.020292 9 10 7 J
1.047802 9 10 6 J
1.093730 9 9 6 J
0.000000 12 13 4 M
0.000066 12 12 4 M
0.022631 12 12 5 M
0.038162 12 12 4 M
0.055176 12 11 4 M
0.076288 12 12 4 M
0.102160 12 12 5 M
0.146484 12 13 5 M
0.159219 12 14 5 M
0.177975 12 13 5 M
0.221980 12 13 6 M
0.263610 12 12 6 M
0.286317 12 11 6 M
0.326773 12 11 7 M
0.346502 12 12 7 M
0.361931 12 12 6 M
0.410235 12 11 6 M
0.445700 12 11 5 M
0.476213 12 11 4 M
0.516527 12 11 5 M
0.561492 12 11 6 M
0.598510 12 11 5 M
0.643030 12 11 4 M
0.677593 12 11 3 M
0.716413 12 11 2 M
0.744343 12 11 1 M
0.756324 12 11 2 M
0.774365 12 11 1 M
0.810090 12 12 1 M
0.838741 12 12 2 M
0.887772 12 11 2 M
0.899674 12 11 3 M
0.925994 12 11 2 M
0.969625 12 11 3 M
0.998990 12 10 3 M
1.034178 12 11 3 M
1.057447 12 12 3 M
1.088139 12 11 3 M
0.000000 14 7 13 O
0.000067 14 7 14 O
0.030112 14 8 14 O
0.070309 14 8 0 O
0.112518 14 7 0 O
0.160813 14 8 0 O
0.197103 14 7 0 O
0.212065 14 8 0 O
0.262189 14 7 0 O
0.288354 14 8 0 O
0.331398 14 8 14 O
0.352121 14 9 14 O
0.375034 14 10 14 O
0.386742 14 9 14 O
0.408495 14 9 13 O
0.448784 14 9 12 O
0.482091 14 8 12 O
0.510501 14 8 13 O
0.524760 14 7 13 O
0.545547 14 7 12 O
0.556771 14 8 12 O
0.597000 14 8 11 O
0.634223 14 8 12 O
0.674996 14 9 12 O
0.692075 14 9 11 O
0.728237 14 9 12 O
0.760305 14 10 12 O
0.777420 14 10 13 O
0.809980 14 9 13 O
0.837285 14 8 13 O
0.875431 14 8 12 O
0.922078 14 8 13 O
0.961235 14 9 13 O
0.979011 14 9 12 O
1.023293 14 8 12 O
1.041346 14 7 12 O
1.063748 14 7 13 O
1.102510 14 8 13 O
1.119980 14 8 14 O
1.131073 14 8 0 O
1.180323 14 8 1 O
1.212218 14 7 1 O
1.241284 14 8 1 O
1.268175 14 7 1 O
1.305970 14 6 1 O
1.356166 14 6 2 O
1.395050 14 6 3 O
1.409093 14 6 4 O
1.443551 14 7 4 O
1.455372 14 6 4 O
1.493146 14 5 4 O
1.512335 14 4 4 O
0.000000 2 4 12 C
0.000065 2 4 11 C
0.015351 2 4 12 C
0.047168 2 5 12 C
0.070202 2 4 12 C
0.112661 2 4 13 C
0.126029 2 3 13 C
0.141068 2 4 13 C
0.159332 2 3 13 C
0.191409 2 3 14 C
0.229269 2 3 13 C
0.244032 2 4 13 C
0.274982 2 3 13 C
0.299752 2 3 14 C
0.334088 2 2 14 C
0.381084 2 2 0 C
0.419335 2 2 1 C
0.457633 2 2 0 C
0.499110 2 3 0 C
0.518070 2 2 0 C
0.544431 2 2 14 C
0.578144 2 2 13 C
0.613532 2 2 14 C
0.657474 2 2 0 C
0.696486 2 1 0 C
0.739720 2 2 0 C
0.753580 2 3 0 C
0.780414 2 4 0 C
0.799153 2 5 0 C
0.820259 2 5 1 C
0.857037 2 5 0 C
0.886258 2 4 0 C
0.928576 2 5 0 C
0.961357 2 5 1 C
0.981350 2 4 1 C
1.016130 2 4 0 C
1.032156 2 4 14 C
1.047397 2 4 13 C
1.090110 2 4 12 C
1.139143 2 5 12 C
1.156376 2 4 12 C
1.185071 2 4 11 C
1.212405 2 4 10 C
1.225139 2 3 10 C
1.256811 2 4 10 C
1.287961 2 4 9 C
1.335430 2 3 9 C
1.358780 2 3 8 C
1.388313 2 4 8 C
1.430602 2 4 9 C
1.448681 2 5 9 C
1.498678 2 6 9 C
1.543718 2 7 9 C
1.564341 2 6 9 C
1.587223 2 5 9 C
1.606294 2 6 9 C
1.624424 2 5 9 C
0.000000 0 5 14 A
0.000065 0 5 13 A
0.030114 0 5 14 A
0.074728 0 5 0 A
0.109397 0 5 1 A
0.148339 0 5 0 A
0.159331 0 6 0 A
0.175091 0 6 1 A
0.214550 0 6 0 A
0.253078 0 6 1 A
0.286447 0 6 2 A
0.335605 0 5 2 A
0.346409 0 6 2 A
0.384174 0 5 2 A
0.432730 0 6 2 A
0.482193 0 6 1 A
0.520274 0 6 2 A
0.541823 0 7 2 A
0.554221 0 8 2 A
0.574558 0 7 2 A
0.610955 0 6 2 A
0.652296 0 5 2 A
0.677595 0 4 2 A
0.696487 0 4 3 A
0.739719 0 4 2 A
0.785579 0 4 3 A
0.814020 0 4 2 A
0.853223 0 4 1 A
0.868233 0 5 1 A
0.879122 0 5 2 A
0.911646 0 4 2 A
0.954141 0 4 1 A
0.979009 0 4 0 A
1.017600 0 4 14 A
1.034180 0 3 14 A
1.048505 0 3 13 A
1.091853 0 3 14 A
1.131152 0 4 14 A
1.160107 0 4 13 A
1.206520 0 3 13 A
1.254115 0 3 12 A
1.270261 0 2 12 A
1.316725 0 1 12 A
1.364960 0 1 11 A
1.389866 0 0 11 A
1.427599 0 1 11 A
1.466750 0 2 11 A
1.496170 0 3 11 A
1.516857 0 2 11 A
1.550449 0 1 11 A
1.573122 0 0 11 A
1.591812 0 0 10 A
1.603649 0 1 10 A
1.641870 0 0 10 A
1.661226 0 0 11 A
1.708706 0 0 10 A
0.000000 1 2 13 B
0.000065 1 3 13 B
0.021141 1 3 14 B
0.066012 1 3 13 B
0.114206 1 2 13 B
0.132803 1 1 13 B
0.152187 1 0 13 B
0.194401 1 14 13 B
0.227965 1 14 12 B
0.276069 1 14 13 B
0.326874 1 14 14 B
0.365193 1 0 14 B
0.391072 1 14 14 B
0.410162 1 14 0 B
0.443203 1 13 0 B
0.461255 1 12 0 B
0.494404 1 11 0 B
0.505209 1 11 1 B
0.518182 1 11 2 B
0.561494 1 11 3 B
0.588175 1 11 2 B
0.606534 1 10 2 B
0.632666 1 9 2 B
0.679137 1 9 1 B
0.698280 1 9 2 B
0.709669 1 10 2 B
0.732905 1 9 2 B
0.761845 1 9 1 B
0.807381 1 9 2 B
0.851677 1 9 3 B
0.884687 1 8 3 B
0.934805 1 7 3 B
0.975172 1 7 4 B
0.994327 1 7 5 B
1.041345 1 6 5 B
1.091623 1 7 5 B
1.139466 1 6 5 B
1.168951 1 6 4 B
1.210380 1 6 3 B
1.259467 1 6 2 B
1.278003 1 7 2 B
1.305941 1 7 3 B
1.327122 1 6 3 B
1.354602 1 6 4 B
1.393385 1 6 3 B
1.439463 1 6 2 B
1.486451 1 5 2 B
1.523130 1 4 2 B
1.562295 1 3 2 B
1.591813 1 2 2 B
1.614992 1 2 1 B
1.638318 1 1 1 B
1.654373 1 0 1 B
1.687521 1 0 2 B
1.707154 1 1 2 B
1.735135 1 0 2 B
1.760544 1 1 2 B
1.784093 1 0 2 B
1.819673 1 0 1 B
1.860841 1 0 0 B
1.876090 1 0 14 B
1.896039 1 0 13 B
1.937836 1 0 12 B
1.982035 1 0 13 B
2.005280 1 1 13 B
2.040886 1 0 13 B
2.077238 1 1 13 B
2.112887 1 2 13 B
2.129368 1 2 12 B
2.144889 1 2 11 B
0.000000 10 8 8 K
0.000066 10 8 7 K
0.032493 10 7 7 K
0.080495 10 6 7 K
0.114207 10 6 6 K
0.143644 10 6 5 K
0.185698 10 5 5 K
0.233646 10 5 6 K
0.256378 10 6 6 K
0.303973 10 5 6 K
0.335532 10 6 6 K
0.365110 10 7 6 K
0.397143 10 8 6 K
0.423007 10 7 6 K
0.465820 10 7 5 K
0.516528 10 6 5 K
0.550170 10 7 5 K
0.594050 10 6 5 K
0.606394 10 5 5 K
0.630194 10 5 4 K
0.662122 10 5 5 K
0.706001 10 6 5 K
0.726717 10 7 5 K
0.745947 10 7 4 K
0.778850 10 7 3 K
0.789777 10 7 4 K
0.837385 10 6 4 K
0.886259 10 7 4 K
0.914321 10 7 3 K
0.930329 10 7 2 K
0.949977 10 6 2 K
0.969487 10 6 1 K
0.982915 10 6 0 K
1.016079 10 5 0 K
1.061104 10 6 0 K
1.102583 10 6 14 K
1.149656 10 6 13 K
1.162100 10 5 13 K
1.175089 10 5 12 K
1.213777 10 4 12 K
1.229065 10 3 12 K
1.265153 10 4 12 K
1.304356 10 3 12 K
1.345361 10 3 11 K
1.382554 10 3 10 K
1.433198 10 3 11 K
1.458986 10 4 11 K
1.475495 10 4 10 K
1.508581 10 3 10 K
1.545854 10 4 10 K
1.570026 10 5 10 K
1.594386 10 5 11 K
1.618333 10 5 12 K
1.658565 10 5 11 K
1.704558 10 6 11 K
1.733127 10 7 11 K
1.777636 10 7 10 K
1.818106 10 8 10 K
1.862956 10 8 11 K
1.891327 10 8 12 K
1.917140 10 9 12 K
1.963319 10 10 12 K
1.994413 10 10 11 K
2.027020 10 10 10 K
2.040960 10 10 11 K
2.085959 10 10 10 K
2.101418 10 9 10 K
2.150074 10 10 10 K
2.176049 10 10 11 K
2.195665 10 9 11 K
2.229028 10 9 10 K
2.263226 10 8 10 K
0.000000 6 9 12 G
0.000066 6 8 12 G
0.028199 6 8 13 G
0.047006 6 8 12 G
0.087686 6 7 12 G
0.098646 6 7 13 G
0.115640 6 7 12 G
0.155541 6 7 13 G
0.183082 6 7 12 G
0.225891 6 8 12 G
0.262395 6 8 11 G
0.288477 6 8 12 G
0.317458 6 8 13 G
0.337177 6 8 14 G
0.365113 6 9 14 G
0.415272 6 9 0 G
0.452960 6 8 0 G
0.500484 6 8 14 G
0.523238 6 8 0 G
0.543159 6 8 14 G
0.565547 6 8 13 G
0.582050 6 8 12 G
0.601601 6 8 13 G
0.650265 6 8 14 G
0.692220 6 8 0 G
0.741190 6 9 0 G
0.777560 6 10 0 G
0.816582 6 10 1 G
0.851758 6 10 2 G
0.883164 6 10 1 G
0.924437 6 11 1 G
0.937898 6 10 1 G
0.984503 6 10 0 G
1.028959 6 9 0 G
1.055938 6 9 14 G
1.102508 6 9 13 G
1.139141 6 9 12 G
1.154835 6 8 12 G
1.192063 6 7 12 G
1.238660 6 7 11 G
1.278001 6 7 12 G
1.299212 6 8 12 G
1.312070 6 8 13 G
1.362019 6 9 13 G
1.395226 6 8 13 G
1.417274 6 8 12 G
1.452997 6 8 13 G
1.501809 6 8 14 G
1.533332 6 8 0 G
1.577964 6 8 1 G
1.623305 6 9 1 G
1.664776 6 10 1 G
1.684397 6 10 2 G
1.724737 6 10 1 G
1.770037 6 11 1 G
1.811721 6 10 1 G
1.860839 6 9 1 G
1.896150 6 8 1 G
1.915597 6 8 0 G
1.932657 6 7 0 G
1.981894 6 8 0 G
2.032610 6 8 1 G
2.080255 6 8 2 G
2.109253 6 9 2 G
2.138666 6 9 1 G
2.159360 6 9 2 G
2.171067 6 9 3 G
2.212255 6 10 3 G
2.244197 6 11 3 G
2.283335 6 10 3 G
2.301184 6 10 4 G
0.000000 5 0 9 F
0.000066 5 0 10 F
0.048580 5 0 11 F
0.098648 5 0 10 F
0.141066 5 0 9 F
0.179634 5 14 9 F
0.229460 5 0 9 F
0.270318 5 1 9 F
0.293036 5 0 9 F
0.316120 5 0 8 F
0.335531 5 0 9 F
0.366569 5 0 8 F
0.411118 5 1 8 F
0.423005 5 2 8 F
0.437463 5 2 9 F
0.451384 5 2 8 F
0.490408 5 1 8 F
0.511878 5 2 8 F
0.551610 5 2 7 F
0.593862 5 2 8 F
0.620763 5 3 8 F
0.656039 5 4 8 F
0.696367 5 5 8 F
0.714297 5 4 8 F
0.736650 5 4 9 F
0.761864 5 4 8 F
0.788307 5 4 9 F
0.799231 5 4 8 F
0.828937 5 3 8 F
0.856880 5 3 9 F
0.868293 5 2 9 F
0.892143 5 2 8 F
0.904364 5 1 8 F
0.924565 5 2 8 F
0.962689 5 2 7 F
1.007785 5 2 6 F
1.055937 5 1 6 F
1.104060 5 1 5 F
1.126063 5 0 5 F
1.149654 5 0 6 F
1.187951 5 0 7 F
1.231350 5 1 7 F
1.256813 5 2 7 F
1.279651 5 2 6 F
1.325563 5 3 6 F
1.357283 5 2 6 F
1.386681 5 2 7 F
1.430690 5 2 8 F
1.469348 5 1 8 F
1.480166 5 2 8 F
1.500332 5 2 7 F
1.514703 5 2 6 F
1.538144 5 2 7 F
1.571562 5 2 8 F
1.620744 5 3 8 F
1.651788 5 2 8 F
1.668415 5 3 8 F
1.694277 5 3 9 F
1.712303 5 4 9 F
1.723291 5 4 10 F
1.753251 5 3 10 F
1.785319 5 3 11 F
1.809234 5 2 11 F
1.855189 5 2 12 F
1.901632 5 3 12 F
1.928019 5 3 13 F
1.949765 5 4 13 F
1.966263 5 4 14 F
2.005420 5 4 0 F
2.047590 5 4 14 F
2.074135 5 4 13 F
2.102956 5 4 14 F
2.123140 5 5 14 F
2.148518 5 4 14 F
2.164036 5 5 14 F
2.194147 5 5 13 F
2.228804 5 5 14 F
2.275570 5 5 0 F
2.290590 5 4 0 F
2.335545 5 4 1 F
2.362523 5 3 1 F
2.390430 5 3 2 F
0.000000 7 6 2 H
0.000066 7 6 1 H
0.021135 7 7 1 H
0.035735 7 7 2 H
0.048659 7 7 1 H
0.087696 7 7 0 H
0.104231 7 7 1 H
0.121972 7 7 0 H
0.132805 7 6 0 H
0.179433 7 6 1 H
0.195938 7 7 1 H
0.236263 7 7 2 H
0.253191 7 7 1 H
0.276068 7 7 2 H
0.288476 7 8 2 H
0.325400 7 9 2 H
0.369315 7 9 1 H
0.416714 7 8 1 H
0.464439 7 8 2 H
0.486030 7 8 1 H
0.500485 7 9 1 H
0.511957 7 9 0 H
0.532535 7 9 1 H
0.576024 7 9 0 H
0.588176 7 9 1 H
0.610953 7 10 1 H
0.650263 7 9 1 H
0.698398 7 10 1 H
0.742718 7 9 1 H
0.769061 7 10 1 H
0.795417 7 10 2 H
0.843014 7 10 3 H
0.857985 7 10 2 H
0.879258 7 11 2 H
0.892145 7 10 2 H
0.936056 7 9 2 H
0.951058 7 9 3 H
1.001554 7 9 4 H
1.047395 7 9 3 H
1.059492 7 10 3 H
1.070010 7 11 3 H
1.085497 7 12 3 H
1.102509 7 12 2 H
1.119804 7 12 1 H
1.150037 7 13 1 H
1.176744 7 13 0 H
1.202396 7 13 1 H
1.216327 7 13 0 H
1.253974 7 12 0 H
1.300684 7 13 0 H
1.315222 7 12 0 H
1.330334 7 13 0 H
1.363417 7 13 1 H
1.395048 7 13 2 H
1.427495 7 13 1 H
1.466695 7 13 2 H
1.486328 7 13 3 H
1.520986 7 12 3 H
1.557632 7 13 3 H
1.601070 7 13 2 H
1.621820 7 12 2 H
1.670109 7 12 1 H
1.699384 7 11 1 H
1.712304 7 10 1 H
1.737702 7 11 1 H
1.753350 7 11 2 H
1.771908 7 11 3 H
1.819511 7 11 4 H
1.860861 7 10 4 H
1.877440 7 10 3 H
1.914112 7 10 2 H
1.940925 7 10 1 H
1.966261 7 9 1 H
2.001124 7 9 0 H
2.014059 7 8 0 H
2.061600 7 9 0 H
2.106171 7 8 0 H
2.131944 7 7 0 H
2.157295 7 8 0 H
2.202390 7 8 1 H
2.239187 7 7 1 H
2.255471 7 7 0 H
2.280208 7 6 0 H
2.320122 7 7 0 H
2.362521 7 8 0 H
2.402355 7 8 14 H
2.429154 7 9 14 H
2.466972 7 8 14 H
0.000000 3 10 9 D
0.000066 3 9 9 D
0.040971 3 10 9 D
0.073227 3 10 10 D
0.122104 3 9 10 D
0.157089 3 9 9 D
0.175092 3 9 10 D
0.198539 3 8 10 D
0.225889 3 9 10 D
0.251340 3 8 10 D
0.299753 3 8 11 D
0.346503 3 7 11 D
0.379530 3 7 10 D
0.418091 3 7 11 D
0.465992 3 7 10 D
0.491717 3 6 10 D
0.527885 3 5 10 D
0.578051 3 5 9 D
0.592535 3 4 9 D
0.615102 3 4 10 D
0.663653 3 4 11 D
0.682330 3 5 11 D
0.698399 3 6 11 D
0.736514 3 6 12 D
0.774298 3 6 11 D
0.787179 3 7 11 D
0.810092 3 6 11 D
0.850176 3 5 11 D
0.893994 3 4 11 D
0.930157 3 4 12 D
0.973187 3 3 12 D
0.986077 3 4 12 D
1.007783 3 3 12 D
1.032226 3 3 13 D
1.069862 3 2 13 D
1.110871 3 1 13 D
1.150995 3 1 14 D
1.187953 3 0 14 D
1.225213 3 14 14 D
1.262497 3 14 13 D
1.279525 3 14 14 D
1.330477 3 14 13 D
1.379951 3 14 14 D
1.408992 3 14 13 D
1.434693 3 13 13 D
1.476625 3 12 13 D
1.504401 3 12 14 D
1.555554 3 11 14 D
1.591811 3 11 13 D
1.617204 3 10 13 D
1.631060 3 10 12 D
1.663686 3 9 12 D
1.687578 3 8 12 D
1.726318 3 9 12 D
1.776060 3 9 11 D
1.809233 3 8 11 D
1.848953 3 9 11 D
1.881498 3 9 12 D
1.919748 3 9 13 D
1.951255 3 9 12 D
1.990173 3 10 12 D
2.007251 3 9 12 D
2.049169 3 10 12 D
2.060524 3 9 12 D
2.087077 3 9 13 D
2.101503 3 10 13 D
2.147125 3 10 14 D
2.162478 3 10 13 D
2.179603 3 11 13 D
2.207175 3 12 13 D
2.255379 3 12 12 D
2.297266 3 12 13 D
2.313735 3 11 13 D
2.347076 3 12 13 D
2.373513 3 12 12 D
2.396616 3 12 11 D
2.416293 3 12 12 D
2.448818 3 12 13 D
2.497127 3 13 13 D
2.524429 3 13 14 D
2.572454 3 13 13 D
2.600972 3 13 14 D
2.638189 3 12 14 D
0.000000 11 1 1 L
0.000066 11 2 1 L
0.038172 11 2 0 L
0.052510 11 2 14 L
0.064080 11 3 14 L
0.098534 11 4 14 L
0.126028 11 5 14 L
0.159333 11 5 13 L
0.205740 11 6 13 L
0.239937 11 6 12 L
0.280302 11 5 12 L
0.320152 11 4 12 L
0.334087 11 4 11 L
0.349524 11 5 11 L
0.381254 11 4 11 L
0.430257 11 5 11 L
0.469011 11 6 11 L
0.486116 11 6 10 L
0.500601 11 6 9 L
0.540310 11 6 10 L
0.583582 11 6 11 L
0.630195 11 6 12 L
0.652470 11 7 12 L
0.696485 11 7 11 L
0.742720 11 6 11 L
0.767637 11 6 10 L
0.810166 11 6 11 L
0.840287 11 7 11 L
0.879123 11 6 11 L
0.898145 11 6 12 L
0.934807 11 6 11 L
0.955464 11 6 12 L
0.978784 11 7 12 L
1.017685 11 6 12 L
1.053529 11 6 13 L
1.081757 11 7 13 L
1.114120 11 7 14 L
1.154901 11 8 14 L
1.176620 11 9 14 L
1.192129 11 8 14 L
1.216456 11 8 0 L
1.234045 11 7 0 L
1.249048 11 6 0 L
1.261036 11 6 14 L
1.299213 11 7 14 L
1.349991 11 7 0 L
1.371686 11 7 14 L
1.388315 11 7 13 L
1.401729 11 8 13 L
1.439370 11 8 14 L
1.464286 11 8 0 L
1.512162 11 8 14 L
1.552129 11 9 14 L
1.599525 11 10 14 L
1.650275 11 11 14 L
1.680951 11 11 13 L
1.694353 11 11 14 L
1.715399 11 12 14 L
1.763239 11 13 14 L
1.809102 11 14 14 L
1.843341 11 14 0 L
1.865464 11 14 1 L
1.887207 11 14 0 L
1.929591 11 13 0 L
1.944606 11 13 1 L
1.960063 11 13 0 L
1.979992 11 13 14 L
2.022788 11 14 14 L
2.050740 11 13 14 L
2.069985 11 13 13 L
2.083587 11 14 13 L
2.129370 11 13 13 L
2.143324 11 13 14 L
2.185482 11 13 13 L
2.203939 11 12 13 L
2.224041 11 12 12 L
2.251789 11 12 13 L
2.295745 11 11 13 L
2.327290 11 12 13 L
2.350180 11 13 13 L
2.366168 11 14 13 L
2.388990 11 13 13 L
2.419506 11 13 12 L
2.457073 11 12 12 L
2.473109 11 12 11 L
2.489665 11 12 10 L
2.507786 11 11 10 L
2.524502 11 12 10 L
2.552027 11 13 10 L
2.567967 11 13 9 L
2.580349 11 14 9 L
2.618983 11 14 8 L
2.649554 11 14 7 L
2.670395 11 0 7 L
2.712664 11 1 7 L
2.754999 11 0 7 L
2.770186 11 1 7 L
